           3  0.66666666666666663     
           4  0.75000000000000000     
           5  0.59999999999999998     
           6  0.66666666666666663     
           7  0.57142857142857140     
           8  0.50000000000000000     
           9  0.44444444444444442     
          10  0.59999999999999998     
          11  0.54545454545454541     
          12  0.50000000000000000     
          13  0.53846153846153844     
          14  0.57142857142857140     
          15  0.40000000000000002     
          16  0.37500000000000000     
          17  0.52941176470588236     
          18  0.44444444444444442     
          19  0.52631578947368418     
          20  0.45000000000000001     
          21  0.38095238095238093     
          22  0.54545454545454541     
          23  0.52173913043478259     
          24  0.33333333333333331     
          25  0.35999999999999999     
          26  0.53846153846153844     
          27  0.29629629629629628     
          28  0.42857142857142855     
          29  0.51724137931034486     
          30  0.40000000000000002     
          31  0.51612903225806450     
          32  0.31250000000000000     
          33  0.36363636363636365     
          34  0.52941176470588236     
          35  0.34285714285714286     
          36  0.33333333333333331     
          37  0.51351351351351349     
          38  0.52631578947368418     
          39  0.35897435897435898     
          40  0.29999999999999999     
          41  0.51219512195121952     
          42  0.38095238095238093     
          43  0.51162790697674421     
          44  0.40909090909090912     
          45  0.26666666666666666     
          46  0.52173913043478259     
          47  0.51063829787234039     
          48  0.27083333333333331     
          49  0.32653061224489793     
          50  0.35999999999999999     
          51  0.35294117647058826     
          52  0.40384615384615385     
          53  0.50943396226415094     
          54  0.29629629629629628     
          55  0.32727272727272727     
          56  0.28571428571428570     
          57  0.35087719298245612     
          58  0.51724137931034486     
          59  0.50847457627118642     
          60  0.29999999999999999     
          61  0.50819672131147542     
          62  0.51612903225806450     
          63  0.25396825396825395     
          64  0.28125000000000000     
          65  0.32307692307692309     
          66  0.36363636363636365     
          67  0.50746268656716420     
          68  0.39705882352941174     
          69  0.34782608695652173     
          70  0.34285714285714286     
          71  0.50704225352112675     
          72  0.23611111111111110     
          73  0.50684931506849318     
          74  0.51351351351351349     
          75  0.23999999999999999     
          76  0.39473684210526316     
          77  0.31168831168831168     
          78  0.35897435897435898     
          79  0.50632911392405067     
          80  0.25000000000000000     
          81  0.24691358024691357     
          82  0.51219512195121952     
          83  0.50602409638554213     
          84  0.28571428571428570     
          85  0.31764705882352939     
          86  0.51162790697674421     
          87  0.34482758620689657     
          88  0.27272727272727271     
          89  0.50561797752808990     
          90  0.26666666666666666     
          91  0.30769230769230771     
          92  0.39130434782608697     
          93  0.34408602150537637     
          94  0.51063829787234039     
          95  0.31578947368421051     
          96  0.22916666666666666     
          97  0.50515463917525771     
          98  0.32653061224489793     
          99  0.24242424242424243     
         100  0.27000000000000002     
         101  0.50495049504950495     
         102  0.35294117647058826     
         103  0.50485436893203883     
         104  0.26923076923076922     
         105  0.22857142857142856     
         106  0.50943396226415094     
         107  0.50467289719626163     
         108  0.23148148148148148     
         109  0.50458715596330272     
         110  0.32727272727272727     
         111  0.34234234234234234     
         112  0.24107142857142858     
         113  0.50442477876106195     
         114  0.35087719298245612     
         115  0.31304347826086959     
         116  0.38793103448275862     
         117  0.23931623931623933     
         118  0.50847457627118642     
         119  0.30252100840336132     
         120  0.21666666666666667     
         121  0.29752066115702480     
         122  0.50819672131147542     
         123  0.34146341463414637     
         124  0.38709677419354838     
         125  0.21600000000000000     
         126  0.25396825396825395     
         127  0.50393700787401574     
         128  0.23437500000000000     
         129  0.34108527131782945     
         130  0.32307692307692309     
         131  0.50381679389312972     
         132  0.27272727272727271     
         133  0.30075187969924810     
         134  0.50746268656716420     
         135  0.22222222222222221     
         136  0.26470588235294118     
         137  0.50364963503649640     
         138  0.34782608695652173     
         139  0.50359712230215825     
         140  0.25714285714285712     
         141  0.34042553191489361     
         142  0.50704225352112675     
         143  0.29370629370629370     
         144  0.21527777777777779     
         145  0.31034482758620691     
         146  0.50684931506849318     
         147  0.21768707482993196     
         148  0.38513513513513514     
         149  0.50335570469798663     
         150  0.23999999999999999     
         151  0.50331125827814571     
         152  0.26315789473684209     
         153  0.23529411764705882     
         154  0.31168831168831168     
         155  0.30967741935483872     
         156  0.26923076923076922     
         157  0.50318471337579618     
         158  0.50632911392405067     
         159  0.33962264150943394     
         160  0.21249999999999999     
         161  0.29813664596273293     
         162  0.24691358024691357     
         163  0.50306748466257667     
         164  0.38414634146341464     
         165  0.21818181818181817     
         166  0.50602409638554213     
         167  0.50299401197604787     
         168  0.20833333333333334     
         169  0.28994082840236685     
         170  0.31764705882352939     
         171  0.23391812865497075     
         172  0.38372093023255816     
         173  0.50289017341040465     
         174  0.34482758620689657     
         175  0.20571428571428571     
         176  0.23295454545454544     
         177  0.33898305084745761     
         178  0.50561797752808990     
         179  0.50279329608938550     
         180  0.21111111111111111     
         181  0.50276243093922657     
         182  0.30769230769230771     
         183  0.33879781420765026     
         184  0.26086956521739130     
         185  0.30810810810810813     
         186  0.34408602150537637     
         187  0.28877005347593582     
         188  0.38297872340425532     
         189  0.21164021164021163     
         190  0.31578947368421051     
         191  0.50261780104712039     
         192  0.20833333333333334     
         193  0.50259067357512954     
         194  0.50515463917525771     
         195  0.21538461538461540     
         196  0.24489795918367346     
         197  0.50253807106598980     
         198  0.24242424242424243     
         199  0.50251256281407031     
         200  0.20000000000000001     
         201  0.33830845771144280     
         202  0.50495049504950495     
         203  0.29556650246305421     
         204  0.26470588235294118     
         205  0.30731707317073170     
         206  0.50485436893203883     
         207  0.23188405797101450     
         208  0.23076923076923078     
         209  0.28708133971291866     
         210  0.22857142857142856     
         211  0.50236966824644547     
         212  0.38207547169811323     
         213  0.33802816901408450     
         214  0.50467289719626163     
         215  0.30697674418604654     
         216  0.19907407407407407     
         217  0.29493087557603687     
         218  0.50458715596330272     
         219  0.33789954337899542     
         220  0.24545454545454545     
         221  0.28506787330316741     
         222  0.34234234234234234     
         223  0.50224215246636772     
         224  0.20535714285714285     
         225  0.20000000000000001     
         226  0.50442477876106195     
         227  0.50220264317180618     
         228  0.26315789473684209     
         229  0.50218340611353707     
         230  0.31304347826086959     
         231  0.20779220779220781     
         232  0.25862068965517243     
         233  0.50214592274678116     
         234  0.23931623931623933     
         235  0.30638297872340425     
         236  0.38135593220338981     
         237  0.33755274261603374     
         238  0.30252100840336132     
         239  0.50209205020920500     
         240  0.19166666666666668     
         241  0.50207468879668049     
         242  0.29752066115702480     
         243  0.20576131687242799     
         244  0.38114754098360654     
         245  0.19591836734693877     
         246  0.34146341463414637     
         247  0.28340080971659920     
         248  0.25806451612903225     
         249  0.33734939759036142     
         250  0.21600000000000000     
         251  0.50199203187250996     
         252  0.20238095238095238     
         253  0.28458498023715417     
         254  0.50393700787401574     
         255  0.21176470588235294     
         256  0.21093750000000000     
         257  0.50194552529182879     
         258  0.34108527131782945     
         259  0.29343629343629346     
         260  0.24230769230769231     
         261  0.22988505747126436     
         262  0.50381679389312972     
         263  0.50190114068441061     
         264  0.20075757575757575     
         265  0.30566037735849055     
         266  0.30075187969924810     
         267  0.33707865168539325     
         268  0.38059701492537312     
         269  0.50185873605947950     
         270  0.22222222222222221     
         271  0.50184501845018448     
         272  0.22794117647058823     
         273  0.20512820512820512     
         274  0.50364963503649640     
         275  0.19636363636363635     
         276  0.26086956521739130     
         277  0.50180505415162457     
         278  0.50359712230215825     
         279  0.22939068100358423     
         280  0.19285714285714287     
         281  0.50177935943060503     
         282  0.34042553191489361     
         283  0.50176678445229683     
         284  0.38028169014084506     
         285  0.21052631578947367     
         286  0.29370629370629370     
         287  0.29268292682926828     
         288  0.18750000000000000     
         289  0.28027681660899656     
         290  0.31034482758620691     
         291  0.33676975945017185     
         292  0.38013698630136988     
         293  0.50170648464163825     
         294  0.21768707482993196     
         295  0.30508474576271188     
         296  0.25675675675675674     
         297  0.20202020202020202     
         298  0.50335570469798663     
         299  0.28093645484949831     
         300  0.19333333333333333     
         301  0.29235880398671099     
         302  0.50331125827814571     
         303  0.33663366336633666     
         304  0.22697368421052633     
         305  0.30491803278688523     
         306  0.23529411764705882     
         307  0.50162866449511401     
         308  0.23376623376623376     
         309  0.33656957928802589     
         310  0.30967741935483872     
         311  0.50160771704180063     
         312  0.19871794871794871     
         313  0.50159744408945683     
         314  0.50318471337579618     
         315  0.19047619047619047     
         316  0.37974683544303800     
         317  0.50157728706624605     
         318  0.33962264150943394     
         319  0.28213166144200624     
         320  0.19375000000000001     
         321  0.33644859813084110     
         322  0.29813664596273293     
         323  0.27863777089783281     
         324  0.19753086419753085     
         325  0.19384615384615383     
         326  0.50306748466257667     
         327  0.33639143730886850     
         328  0.25609756097560976     
         329  0.29179331306990880     
         330  0.21818181818181817     
         331  0.50151057401812693     
         332  0.37951807228915663     
         333  0.22822822822822822     
         334  0.50299401197604787     
         335  0.30447761194029849     
         336  0.18452380952380953     
         337  0.50148367952522255     
         338  0.28994082840236685     
         339  0.33628318584070799     
         340  0.23823529411764705     
         341  0.28152492668621704     
         342  0.23391812865497075     
         343  0.18658892128279883     
         344  0.25581395348837210     
         345  0.20869565217391303     
         346  0.50289017341040465     
         347  0.50144092219020175     
         348  0.25862068965517243     
         349  0.50143266475644699     
         350  0.20571428571428571     
         351  0.19943019943019943     
         352  0.19886363636363635     
         353  0.50141643059490082     
         354  0.33898305084745761     
         355  0.30422535211267604     
         356  0.37921348314606740     
         357  0.20168067226890757     
         358  0.50279329608938550     
         359  0.50139275766016711     
         360  0.18333333333333332     
         361  0.27700831024930750     
         362  0.50276243093922657     
         363  0.19834710743801653     
         364  0.23076923076923078     
         365  0.30410958904109592     
         366  0.33879781420765026     
         367  0.50136239782016345     
         368  0.22554347826086957     
         369  0.22764227642276422     
         370  0.30810810810810813     
         371  0.29110512129380056     
         372  0.25806451612903225     
         373  0.50134048257372654     
         374  0.28877005347593582     
         375  0.19200000000000000     
         376  0.25531914893617019     
         377  0.27851458885941643     
         378  0.21164021164021163     
         379  0.50131926121372028     
         380  0.23684210526315788     
         381  0.33595800524934383     
         382  0.50261780104712039     
         383  0.50130548302872058     
         384  0.18229166666666666     
         385  0.18701298701298702     
         386  0.50259067357512954     
         387  0.22739018087855298     
         388  0.37886597938144329     
         389  0.50128534704370176     
         390  0.21538461538461540     
         391  0.27621483375959077     
         392  0.18622448979591838     
         393  0.33587786259541985     
         394  0.50253807106598980     
         395  0.30379746835443039     
         396  0.19444444444444445     
         397  0.50125944584382875     
         398  0.50251256281407031     
         399  0.20050125313283207     
         400  0.19000000000000000     
         401  0.50124688279301743     
         402  0.33830845771144280     
         403  0.27791563275434245     
         404  0.37871287128712872     
         405  0.18518518518518517     
         406  0.29556650246305421     
         407  0.28009828009828008     
         408  0.19607843137254902     
         409  0.50122249388753060     
         410  0.30731707317073170     
         411  0.33576642335766421     
         412  0.37864077669902912     
         413  0.29055690072639223     
         414  0.23188405797101450     
         415  0.30361445783132529     
         416  0.19711538461538461     
         417  0.33573141486810554     
         418  0.28708133971291866     
         419  0.50119331742243434     
         420  0.18571428571428572     
         421  0.50118764845605701     
         422  0.50236966824644547     
         423  0.22695035460992907     
         424  0.25471698113207547     
         425  0.19058823529411764     
         426  0.33802816901408450     
         427  0.29039812646370022     
         428  0.37850467289719625     
         429  0.19580419580419581     
         430  0.30697674418604654     
         431  0.50116009280742457     
         432  0.18055555555555555     
         433  0.50115473441108549     
         434  0.29493087557603687     
         435  0.20689655172413793     
         436  0.37844036697247707     
         437  0.27459954233409611     
         438  0.33789954337899542     
         439  0.50113895216400917     
         440  0.18636363636363637     
         441  0.18140589569160998     
         442  0.28506787330316741     
         443  0.50112866817155755     
         444  0.25675675675675674     
         445  0.30337078651685395     
         446  0.50224215246636772     
         447  0.33557046979865773     
         448  0.17857142857142858     
         449  0.50111358574610243     
         450  0.20000000000000001     
         451  0.27937915742793790     
         452  0.37831858407079644     
         453  0.33554083885209712     
         454  0.50220264317180618     
         455  0.18461538461538463     
         456  0.19517543859649122     
         457  0.50109409190371990     
         458  0.50218340611353707     
         459  0.19607843137254902     
         460  0.23478260869565218     
         461  0.50108459869848154     
         462  0.20779220779220781     
         463  0.50107991360691140     
         464  0.22413793103448276     
         465  0.20645161290322581     
         466  0.50214592274678116     
         467  0.50107066381156318     
         468  0.19230769230769232     
         469  0.28997867803837951     
         470  0.30638297872340425     
         471  0.33545647558386410     
         472  0.25423728813559321     
         473  0.27906976744186046     
         474  0.33755274261603374     
         475  0.18947368421052632     
         476  0.22689075630252101     
         477  0.22641509433962265     
         478  0.50209205020920500     
         479  0.50104384133611690     
         480  0.17916666666666667     
         481  0.27650727650727652     
         482  0.50207468879668049     
         483  0.19875776397515527     
         484  0.22314049586776860     
         485  0.30309278350515462     
         486  0.20576131687242799     
         487  0.50102669404517453     
         488  0.25409836065573771     
         489  0.33537832310838445     
         490  0.19591836734693877     
         491  0.50101832993890016     
         492  0.25609756097560976     
         493  0.27383367139959430     
         494  0.28340080971659920     
         495  0.18181818181818182     
         496  0.22379032258064516     
         497  0.28973843058350102     
         498  0.33734939759036142     
         499  0.50100200400801598     
         500  0.17799999999999999     
         501  0.33532934131736525     
         502  0.50199203187250996     
         503  0.50099403578528823     
         504  0.17658730158730160     
         505  0.30297029702970296     
         506  0.28458498023715417     
         507  0.19329388560157790     
         508  0.37795275590551181     
         509  0.50098231827111983     
         510  0.21176470588235294     
         511  0.28962818003913893     
         512  0.18164062500000000     
         513  0.19493177387914229     
         514  0.50194552529182879     
         515  0.30291262135922331     
         516  0.25581395348837210     
         517  0.27852998065764023     
         518  0.29343629343629346     
         519  0.33526011560693642     
         520  0.18461538461538463     
         521  0.50095969289827258     
         522  0.22988505747126436     
         523  0.50095602294455066     
         524  0.37786259541984735     
         525  0.18285714285714286     
         526  0.50190114068441061     
         527  0.27324478178368122     
         528  0.17803030303030304     
         529  0.27221172022684309     
         530  0.30566037735849055     
         531  0.22598870056497175     
         532  0.22556390977443608     
         533  0.27579737335834897     
         534  0.33707865168539325     
         535  0.30280373831775703     
         536  0.25373134328358210     
         537  0.33519553072625696     
         538  0.50185873605947950     
         539  0.17810760667903525     
         540  0.18148148148148149     
         541  0.50092421441774493     
         542  0.50184501845018448     
         543  0.33517495395948432     
         544  0.19485294117647059     
         545  0.30275229357798167     
         546  0.20512820512820512     
         547  0.50091407678244970     
         548  0.37773722627737227     
         549  0.22586520947176686     
         550  0.19636363636363635     
         551  0.27223230490018147     
         552  0.19384057971014493     
         553  0.28933092224231466     
         554  0.50180505415162457     
         555  0.20540540540540542     
         556  0.37769784172661869     
         557  0.50089766606822261     
         558  0.22939068100358423     
         559  0.27549194991055453     
         560  0.17142857142857143     
         561  0.19251336898395721     
         562  0.50177935943060503     
         563  0.50088809946714030     
         564  0.25531914893617019     
         565  0.30265486725663715     
         566  0.50176678445229683     
         567  0.17636684303350969     
         568  0.25352112676056338     
         569  0.50087873462214416     
         570  0.21052631578947367     
         571  0.50087565674255696     
         572  0.22027972027972029     
         573  0.33507853403141363     
         574  0.29268292682926828     
         575  0.18782608695652173     
         576  0.17361111111111110     
         577  0.50086655112651646     
         578  0.28027681660899656     
         579  0.33506044905008636     
         580  0.23275862068965517     
         581  0.28915662650602408     
         582  0.33676975945017185     
         583  0.27787307032590053     
         584  0.25342465753424659     
         585  0.17948717948717949     
         586  0.50170648464163825     
         587  0.50085178875638836     
         588  0.17857142857142858     
         589  0.27164685908319186     
         590  0.30508474576271188     
         591  0.33502538071065990     
         592  0.22297297297297297     
         593  0.50084317032040471     
         594  0.20202020202020202     
         595  0.18151260504201680     
         596  0.37751677852348992     
         597  0.33500837520938026     
         598  0.28093645484949831     
         599  0.50083472454090150     
         600  0.17666666666666667     
         601  0.50083194675540765     
         602  0.29235880398671099     
         603  0.22553897180762852     
         604  0.37748344370860926     
         605  0.17851239669421487     
         606  0.33663366336633666     
         607  0.50082372322899504     
         608  0.19407894736842105     
         609  0.19704433497536947     
         610  0.30491803278688523     
         611  0.27495908346972175     
         612  0.18954248366013071     
         613  0.50081566068515493     
         614  0.50162866449511401     
         615  0.20487804878048779     
         616  0.18019480519480519     
         617  0.50081037277147489     
         618  0.33656957928802589     
         619  0.50080775444264947     
         620  0.23225806451612904     
         621  0.19323671497584541     
         622  0.50160771704180063     
         623  0.28892455858747995     
         624  0.17628205128205129     
         625  0.18720000000000001     
         626  0.50159744408945683     
         627  0.19138755980861244     
         628  0.37738853503184716     
         629  0.27186009538950717     
         630  0.19047619047619047     
         631  0.50079239302694134     
         632  0.25316455696202533     
         633  0.33491311216429698     
         634  0.50157728706624605     
         635  0.30236220472440944     
         636  0.25471698113207547     
         637  0.17582417582417584     
         638  0.28213166144200624     
         639  0.22535211267605634     
         640  0.17031250000000001     
         641  0.50078003120124803     
         642  0.33644859813084110     
         643  0.50077760497667190     
         644  0.22360248447204970     
         645  0.20465116279069767     
         646  0.27863777089783281     
         647  0.50077279752704795     
         648  0.17283950617283950     
         649  0.27734976887519258     
         650  0.19384615384615383     
         651  0.19662058371735791     
         652  0.37730061349693250     
         653  0.50076569678407346     
         654  0.33639143730886850     
         655  0.30229007633587784     
         656  0.22256097560975610     
         657  0.22526636225266361     
         658  0.29179331306990880     
         659  0.50075872534142640     
         660  0.17878787878787880     
         661  0.50075642965204237     
         662  0.50151057401812693     
         663  0.19004524886877827     
         664  0.25301204819277107     
         665  0.18045112781954886     
         666  0.22822822822822822     
         667  0.26986506746626687     
         668  0.37724550898203590     
         669  0.33482810164424515     
         670  0.30447761194029849     
         671  0.27719821162444114     
         672  0.16964285714285715     
         673  0.50074294205052006     
         674  0.50148367952522255     
         675  0.17777777777777778     
         676  0.21745562130177515     
         677  0.50073855243722309     
         678  0.33628318584070799     
         679  0.28865979381443296     
         680  0.18235294117647058     
         681  0.33480176211453744     
         682  0.28152492668621704     
         683  0.50073206442166907     
         684  0.18859649122807018     
         685  0.30218978102189781     
         686  0.18658892128279883     
         687  0.33478893740902477     
         688  0.22238372093023256     
         689  0.27431059506531202     
         690  0.20869565217391303     
         691  0.50072358900144720     
         692  0.37716763005780346     
         693  0.17316017316017315     
         694  0.50144092219020175     
         695  0.30215827338129497     
         696  0.19252873563218389     
         697  0.27116212338593976     
         698  0.50143266475644699     
         699  0.33476394849785407     
         700  0.17142857142857143     
         701  0.50071326676176886     
         702  0.19943019943019943     
         703  0.27027027027027029     
         704  0.17329545454545456     
         705  0.20425531914893616     
         706  0.50141643059490082     
         707  0.28854314002828857     
         708  0.25423728813559321     
         709  0.50070521861777151     
         710  0.30422535211267604     
         711  0.22503516174402249     
         712  0.25280898876404495     
         713  0.26928471248246844     
         714  0.20168067226890757     
         715  0.17622377622377622     
         716  0.37709497206703912     
         717  0.33472803347280333     
         718  0.50139275766016711     
         719  0.50069541029207232     
         720  0.16805555555555557     
         721  0.28848821081830789     
         722  0.27700831024930750     
         723  0.33471645919778698     
         724  0.37707182320441990     
         725  0.18620689655172415     
         726  0.19834710743801653     
         727  0.50068775790921594     
         728  0.17857142857142858     
         729  0.17146776406035666     
         730  0.30410958904109592     
         731  0.27086183310533518     
         732  0.25409836065573771     
         733  0.50068212824010916     
         734  0.50136239782016345     
         735  0.17414965986394557     
         736  0.19293478260869565     
         737  0.27679782903663502     
         738  0.22764227642276422     
         739  0.50067658998646825     
         740  0.23108108108108108     
         741  0.18893387314439947     
         742  0.29110512129380056     
         743  0.50067294751009417     
         744  0.19220430107526881     
         745  0.30201342281879195     
         746  0.50134048257372654     
         747  0.22489959839357429     
         748  0.21657754010695188     
         749  0.28838451268357812     
         750  0.19200000000000000     
         751  0.50066577896138487     
         752  0.22207446808510639     
         753  0.33466135458167329     
         754  0.27851458885941643     
         755  0.30198675496688743     
         756  0.17460317460317459     
         757  0.50066050198150591     
         758  0.50131926121372028     
         759  0.18972332015810275     
         760  0.18157894736842106     
         761  0.50065703022339025     
         762  0.33595800524934383     
         763  0.28833551769331583     
         764  0.37696335078534032     
         765  0.17647058823529413     
         766  0.50130548302872058     
         767  0.27379400260756193     
         768  0.17187500000000000     
         769  0.50065019505851760     
         770  0.18701298701298702     
         771  0.33463035019455251     
         772  0.37694300518134716     
         773  0.50064683053040104     
         774  0.22739018087855298     
         775  0.18580645161290324     
         776  0.25257731958762886     
         777  0.19562419562419561     
         778  0.50128534704370176     
         779  0.26957637997432604     
         780  0.17692307692307693     
         781  0.27656850192061461     
         782  0.27621483375959077     
         783  0.19157088122605365     
         784  0.16581632653061223     
         785  0.30191082802547770     
         786  0.33587786259541985     
         787  0.50063532401524780     
         788  0.37690355329949238     
         789  0.33460076045627374     
         790  0.30379746835443039     
         791  0.28824273072060685     
         792  0.17045454545454544     
         793  0.27364438839848676     
         794  0.50125944584382875     
         795  0.20377358490566039     
         796  0.37688442211055279     
         797  0.50062735257214552     
         798  0.20050125313283207     
         799  0.27033792240300375     
         800  0.16750000000000001     
         801  0.22471910112359550     
         802  0.50124688279301743     
         803  0.27646326276463262     
         804  0.25373134328358210     
         805  0.17888198757763976     
         806  0.27791563275434245     
         807  0.33457249070631973     
         808  0.25247524752475248     
         809  0.50061804697156986     
         810  0.18518518518518517     
         811  0.50061652281134406     
         812  0.22167487684729065     
         813  0.33456334563345635     
         814  0.28009828009828008     
         815  0.30184049079754599     
         816  0.17401960784313725     
         817  0.26927784577723379     
         818  0.50122249388753060     
         819  0.17094017094017094     
         820  0.23048780487804879     
         821  0.50060901339829478     
         822  0.33576642335766421     
         823  0.50060753341433784     
         824  0.25242718446601942     
         825  0.17454545454545456     
         826  0.29055690072639223     
         827  0.50060459492140263     
         828  0.18719806763285024     
         829  0.50060313630880582     
         830  0.30361445783132529     
         831  0.33453670276774972     
         832  0.17187500000000000     
         833  0.17286914765906364     
         834  0.33573141486810554     
         835  0.30179640718562872     
         836  0.21531100478468901     
         837  0.19115890083632020     
         838  0.50119331742243434     
         839  0.50059594755661507     
         840  0.17023809523809524     
         841  0.26753864447086800     
         842  0.50118764845605701     
         843  0.33451957295373663     
         844  0.37677725118483413     
         845  0.17396449704142011     
         846  0.22695035460992907     
         847  0.17001180637544275     
         848  0.22169811320754718     
         849  0.33451118963486454     
         850  0.19058823529411764     
         851  0.26792009400705052     
         852  0.25352112676056338     
         853  0.50058616647127785     
         854  0.29039812646370022     
         855  0.17543859649122806     
         856  0.25233644859813081     
         857  0.50058343057176191     
         858  0.19580419580419581     
         859  0.50058207217694994     
         860  0.23023255813953489     
         861  0.19512195121951220     
         862  0.50116009280742457     
         863  0.50057937427578214     
         864  0.16666666666666666     
         865  0.30173410404624279     
         866  0.50115473441108549     
         867  0.18685121107266436     
         868  0.22119815668202766     
         869  0.27617951668584578     
         870  0.20689655172413793     
         871  0.27324913892078073     
         872  0.25229357798165136     
         873  0.22451317296678122     
         874  0.27459954233409611     
         875  0.17828571428571430     
         876  0.25342465753424659     
         877  0.50057012542759405     
         878  0.50113895216400917     
         879  0.33447098976109213     
         880  0.16590909090909092     
         881  0.50056753688989786     
         882  0.18140589569160998     
         883  0.50056625141562849     
         884  0.21380090497737556     
         885  0.20338983050847459     
         886  0.50112866817155755     
         887  0.50056369785794819     
         888  0.19144144144144143     
         889  0.28796400449943760     
         890  0.30337078651685395     
         891  0.16835016835016836     
         892  0.37668161434977576     
         893  0.26875699888017918     
         894  0.33557046979865773     
         895  0.30167597765363130     
         896  0.16517857142857142     
         897  0.18729096989966554     
         898  0.50111358574610243     
         899  0.26696329254727474     
         900  0.16777777777777778     
         901  0.26970033296337403     
         902  0.27937915742793790     
         903  0.19490586932447398     
         904  0.25221238938053098     
         905  0.30165745856353593     
         906  0.33554083885209712     
         907  0.50055126791620730     
         908  0.37665198237885461     
         909  0.22442244224422442     
         910  0.18461538461538463     
         911  0.50054884742041716     
         912  0.17324561403508773     
         913  0.27601314348302303     
         914  0.50109409190371990     
         915  0.20327868852459016     
         916  0.37663755458515286     
         917  0.28789531079607417     
         918  0.19607843137254902     
         919  0.50054406964091402     
         920  0.18043478260869567     
         921  0.33441910966340932     
         922  0.50108459869848154     
         923  0.27302275189599134     
         924  0.17207792207792208     
         925  0.18486486486486486     
         926  0.50107991360691140     
         927  0.22437971952535060     
         928  0.19181034482758622     
         929  0.50053821313240043     
         930  0.20645161290322581     
         931  0.17185821697099893     
         932  0.37660944206008584     
         933  0.33440514469453375     
         934  0.50107066381156318     
         935  0.17326203208556148     
         936  0.16880341880341881     
         937  0.50053361792956241     
         938  0.28997867803837951     
         939  0.33439829605963789     
         940  0.22978723404255319     
         941  0.50053134962805523     
         942  0.33545647558386410     
         943  0.26723223753976671     
         944  0.22139830508474576     
         945  0.16931216931216930     
         946  0.27906976744186046     
         947  0.50052798310454061     
         948  0.25316455696202533     
         949  0.27291886195995785     
         950  0.18947368421052632     
         951  0.33438485804416401     
         952  0.17647058823529413     
         953  0.50052465897166842     
         954  0.22641509433962265     
         955  0.30157068062827225     
         956  0.37656903765690375     
         957  0.18808777429467086     
         958  0.50104384133611690     
         959  0.28779979144942647     
         960  0.16562499999999999     
         961  0.26638917793964623     
         962  0.27650727650727652     
         963  0.22429906542056074     
         964  0.37655601659751037     
         965  0.30155440414507773     
         966  0.19875776397515527     
         967  0.50051706308169597     
         968  0.17458677685950413     
         969  0.18575851393188855     
         970  0.30309278350515462     
         971  0.50051493305870232     
         972  0.17078189300411523     
         973  0.28776978417266186     
         974  0.50102669404517453     
         975  0.17230769230769230     
         976  0.22131147540983606     
         977  0.50051177072671438     
         978  0.33537832310838445     
         979  0.27579162410623087     
         980  0.16530612244897960     
         981  0.22426095820591233     
         982  0.50101832993890016     
         983  0.50050864699898268     
         984  0.19105691056910570     
         985  0.30152284263959389     
         986  0.27383367139959430     
         987  0.19452887537993921     
         988  0.21255060728744940     
         989  0.26693629929221435     
         990  0.18181818181818182     
         991  0.50050454086781027     
         992  0.19153225806451613     
         993  0.33434038267875127     
         994  0.28973843058350102     
         995  0.30150753768844218     
         996  0.25301204819277107     
         997  0.50050150451354058     
         998  0.50100200400801598     
         999  0.19019019019019018     
        1000  0.16400000000000001     
        1001  0.16783216783216784     
        1002  0.33532934131736525     
        1003  0.26919242273180460     
        1004  0.37649402390438247     
        1005  0.20298507462686566     
        1006  0.50099403578528823     
        1007  0.26812313803376364     
        1008  0.16269841269841270     
        1009  0.50049554013875119     
        1010  0.30297029702970296     
        1011  0.33432245301681501     
        1012  0.21343873517786560     
        1013  0.50049358341559724     
        1014  0.19329388560157790     
        1015  0.17733990147783252     
        1016  0.25196850393700787     
        1017  0.22418879056047197     
        1018  0.50098231827111983     
        1019  0.50049067713444551     
        1020  0.17450980392156862     
        1021  0.50048971596474046     
        1022  0.28962818003913893     
        1023  0.18768328445747801     
        1024  0.16699218750000000     
        1025  0.18439024390243902     
        1026  0.19493177387914229     
        1027  0.27263875365141188     
        1028  0.37645914396887159     
        1029  0.17103984450923226     
        1030  0.30291262135922331     
        1031  0.50048496605237636     
        1032  0.19089147286821706     
        1033  0.50048402710551787     
        1034  0.27852998065764023     
        1035  0.17391304347826086     
        1036  0.22007722007722008     
        1037  0.26904532304725171     
        1038  0.33526011560693642     
        1039  0.50048123195380179     
        1040  0.16442307692307692     
        1041  0.33429394812680113     
        1042  0.50095969289827258     
        1043  0.28763183125599234     
        1044  0.18582375478927204     
        1045  0.17224880382775121     
        1046  0.50095602294455066     
        1047  0.33428844317096468     
        1048  0.25190839694656486     
        1049  0.50047664442326023     
        1050  0.18285714285714286     
        1051  0.50047573739295914     
        1052  0.37642585551330798     
        1053  0.16619183285849953     
        1054  0.27324478178368122     
        1055  0.30142180094786730     
        1056  0.16477272727272727     
        1057  0.28760643330179753     
        1058  0.27221172022684309     
        1059  0.33427762039660058     
        1060  0.22924528301886793     
        1061  0.50047125353440147     
        1062  0.22598870056497175     
        1063  0.50047036688617119     
        1064  0.17575187969924813     
        1065  0.20281690140845071     
        1066  0.27579737335834897     
        1067  0.27553889409559512     
        1068  0.25280898876404495     
        1069  0.50046772684752105     
        1070  0.30280373831775703     
        1071  0.16806722689075632     
        1072  0.22108208955223882     
        1073  0.26561043802423112     
        1074  0.33519553072625696     
        1075  0.18418604651162790     
        1076  0.37639405204460968     
        1077  0.33426183844011143     
        1078  0.17810760667903525     
        1079  0.27247451343836887     
        1080  0.16111111111111112     
        1081  0.26641998149861240     
        1082  0.50092421441774493     
        1083  0.18467220683287167     
        1084  0.37638376383763839     
        1085  0.17695852534562212     
        1086  0.33517495395948432     
        1087  0.50045998160073601     
        1088  0.17003676470588236     
        1089  0.16528925619834711     
        1090  0.30275229357798167     
        1091  0.50045829514207152     
        1092  0.17032967032967034     
        1093  0.50045745654162854     
        1094  0.50091407678244970     
        1095  0.20273972602739726     
        1096  0.25182481751824820     
        1097  0.50045578851412942     
        1098  0.22586520947176686     
        1099  0.28753412192902639     
        1100  0.16545454545454547     
        1101  0.33424159854677565     
        1102  0.27223230490018147     
        1103  0.50045330915684494     
        1104  0.17210144927536231     
        1105  0.17104072398190046     
        1106  0.28933092224231466     
        1107  0.18970189701897019     
        1108  0.37635379061371843     
        1109  0.50045085662759248     
        1110  0.20540540540540542     
        1111  0.27542754275427545     
        1112  0.25179856115107913     
        1113  0.19407008086253369     
        1114  0.50089766606822261     
        1115  0.30134529147982064     
        1116  0.18548387096774194     
        1117  0.50044762757385852     
        1118  0.27549194991055453     
        1119  0.33422698838248438     
        1120  0.16071428571428573     
        1121  0.26761819803746656     
        1122  0.19251336898395721     
        1123  0.50044523597506674     
        1124  0.37633451957295372     
        1125  0.17066666666666666     
        1126  0.50088809946714030     
        1127  0.17036379769299023     
        1128  0.19060283687943264     
        1129  0.50044286979627994     
        1130  0.30265486725663715     
        1131  0.18567639257294430     
        1132  0.37632508833922262     
        1133  0.27537511032656664     
        1134  0.17636684303350969     
        1135  0.30132158590308372     
        1136  0.22095070422535212     
        1137  0.33421284080914687     
        1138  0.50087873462214416     
        1139  0.26865671641791045     
        1140  0.17368421052631580     
        1141  0.28746713409290098     
        1142  0.50087565674255696     
        1143  0.22397200349956256     
        1144  0.17307692307692307     
        1145  0.30131004366812225     
        1146  0.33507853403141363     
        1147  0.26503923278116825     
        1148  0.21951219512195122     
        1149  0.33420365535248042     
        1150  0.18782608695652173     
        1151  0.50043440486533453     
        1152  0.16666666666666666     
        1153  0.50043365134431916     
        1154  0.50086655112651646     
        1155  0.16623376623376623     
        1156  0.21020761245674741     
        1157  0.27225583405358689     
        1158  0.33506044905008636     
        1159  0.26747195858498707     
        1160  0.17931034482758620     
        1161  0.18949181739879414     
        1162  0.28915662650602408     
        1163  0.50042992261392949     
        1164  0.25257731958762886     
        1165  0.30128755364806870     
        1166  0.27787307032590053     
        1167  0.33419023136246789     
        1168  0.22089041095890410     
        1169  0.28742514970059879     
        1170  0.17948717948717949     
        1171  0.50042698548249365     
        1172  0.37627986348122866     
        1173  0.18414322250639387     
        1174  0.50085178875638836     
        1175  0.18382978723404256     
        1176  0.16751700680272108     
        1177  0.27527612574341548     
        1178  0.27164685908319186     
        1179  0.22391857506361323     
        1180  0.22881355932203390     
        1181  0.50042337002540216     
        1182  0.33502538071065990     
        1183  0.16568047337278108     
        1184  0.19087837837837837     
        1185  0.20253164556962025     
        1186  0.50084317032040471     
        1187  0.50042122999157534     
        1188  0.16835016835016836     
        1189  0.26492851135407908     
        1190  0.18151260504201680     
        1191  0.33417296389588580     
        1192  0.25167785234899331     
        1193  0.50041911148365470     
        1194  0.33500837520938026     
        1195  0.30125523012552302     
        1196  0.21070234113712374     
        1197  0.16708437761069339     
        1198  0.50083472454090150     
        1199  0.27522935779816515     
        1200  0.16000000000000000     
        1201  0.50041631973355538     
        1202  0.50083194675540765     
        1203  0.33416458852867831     
        1204  0.21926910299003322     
        1205  0.30124481327800828     
        1206  0.22553897180762852     
        1207  0.26843413421706713     
        1208  0.25165562913907286     
        1209  0.18527708850289495     
        1210  0.17851239669421487     
        1211  0.28736581337737405     
        1212  0.25247524752475248     
        1213  0.50041220115416318     
        1214  0.50082372322899504     
        1215  0.16460905349794239     
        1216  0.16940789473684212     
        1217  0.50041084634346755     
        1218  0.19704433497536947     
        1219  0.26579163248564397     
        1220  0.22868852459016392     
        1221  0.18673218673218672     
        1222  0.27495908346972175     
        1223  0.50040883074407194     
        1224  0.16666666666666666     
        1225  0.16979591836734695     
        1226  0.50081566068515493     
        1227  0.33414832925835369     
        1228  0.37622149837133551     
        1229  0.50040683482506099     
        1230  0.20487804878048779     
        1231  0.50040617384240460     
        1232  0.16071428571428573     
        1233  0.22384428223844283     
        1234  0.50081037277147489     
        1235  0.17004048582995951     
        1236  0.25242718446601942     
        1237  0.50040420371867422     
        1238  0.50080775444264947     
        1239  0.19370460048426150     
        1240  0.17903225806451614     
        1241  0.26833199033037874     
        1242  0.19323671497584541     
        1243  0.27514078841512468     
        1244  0.37620578778135050     
        1245  0.20240963855421687     
        1246  0.28892455858747995     
        1247  0.26463512429831598     
        1248  0.16346153846153846     
        1249  0.50040032025620496     
        1250  0.18720000000000001     
        1251  0.22382094324540366     
        1252  0.37619808306709263     
        1253  0.28731045490822027     
        1254  0.19138755980861244     
        1255  0.30119521912350600     
        1256  0.25159235668789809     
        1257  0.33412887828162291     
        1258  0.27186009538950717     
        1259  0.50039714058776807     
        1260  0.16190476190476191     
        1261  0.27200634417129260     
        1262  0.50079239302694134     
        1263  0.33412509897070469     
        1264  0.22072784810126583     
        1265  0.17075098814229250     
        1266  0.33491311216429698     
        1267  0.28729281767955800     
        1268  0.37618296529968454     
        1269  0.18912529550827423     
        1270  0.30236220472440944     
        1271  0.26435877261998425     
        1272  0.19025157232704404     
        1273  0.26708562450903378     
        1274  0.17582417582417584     
        1275  0.16941176470588235     
        1276  0.21159874608150470     
        1277  0.50039154267815189     
        1278  0.22535211267605634     
        1279  0.50039093041438620     
        1280  0.16796875000000000     
        1281  0.19359875097580015     
        1282  0.50078003120124803     
        1283  0.50038971161340606     
        1284  0.25233644859813081     
        1285  0.30116731517509726     
        1286  0.50077760497667190     
        1287  0.16317016317016317     
        1288  0.17468944099378883     
        1289  0.50038789759503488     
        1290  0.20465116279069767     
        1291  0.50038729666924864     
        1292  0.20897832817337461     
        1293  0.33410672853828305     
        1294  0.50077279752704795     
        1295  0.17606177606177606     
        1296  0.15895061728395063     
        1297  0.50038550501156520     
        1298  0.27734976887519258     
        1299  0.33410315627405696     
        1300  0.16384615384615384     
        1301  0.50038431975403541     
        1302  0.19662058371735791     
        1303  0.50038372985418267     
        1304  0.25153374233128833     
        1305  0.17241379310344829     
        1306  0.50076569678407346     
        1307  0.50038255547054322     
        1308  0.25229357798165136     
        1309  0.16501145912910620     
        1310  0.30229007633587784     
        1311  0.18306636155606407     
        1312  0.19054878048780488     
        1313  0.27189642041127188     
        1314  0.22526636225266361     
        1315  0.30114068441064640     
        1316  0.21884498480243161     
        1317  0.33409263477600609     
        1318  0.50075872534142640     
        1319  0.50037907505686130     
        1320  0.15909090909090909     
        1321  0.50037850113550342     
        1322  0.50075642965204237     
        1323  0.16628873771730915     
        1324  0.37613293051359514     
        1325  0.18339622641509434     
        1326  0.19004524886877827     
        1327  0.50037678975131872     
        1328  0.22063253012048192     
        1329  0.33408577878103840     
        1330  0.18045112781954886     
        1331  0.16228399699474080     
        1332  0.18468468468468469     
        1333  0.26406601650412603     
        1334  0.26986506746626687     
        1335  0.20224719101123595     
        1336  0.25149700598802394     
        1337  0.28721017202692595     
        1338  0.33482810164424515     
        1339  0.27184466019417475     
        1340  0.22835820895522388     
        1341  0.22371364653243847     
        1342  0.27719821162444114     
        1343  0.26805658972449742     
        1344  0.16071428571428573     
        1345  0.30111524163568776     
        1346  0.50074294205052006     
        1347  0.33407572383073497     
        1348  0.37611275964391694     
        1349  0.26686434395848779     
        1350  0.17777777777777778     
        1351  0.28719467061435971     
        1352  0.17159763313609466     
        1353  0.18625277161862527     
        1354  0.50073855243722309     
        1355  0.30110701107011068     
        1356  0.25221238938053098     
        1357  0.26529108327192336     
        1358  0.28865979381443296     
        1359  0.22369389256806477     
        1360  0.16250000000000001     
        1361  0.50036737692872890     
        1362  0.33480176211453744     
        1363  0.26412325752017607     
        1364  0.21114369501466276     
        1365  0.16410256410256410     
        1366  0.50073206442166907     
        1367  0.50036576444769565     
        1368  0.16593567251461988     
        1369  0.26369612856099345     
        1370  0.30218978102189781     
        1371  0.33406272793581326     
        1372  0.15962099125364432     
        1373  0.50036416605972323     
        1374  0.33478893740902477     
        1375  0.17018181818181818     
        1376  0.19040697674418605     
        1377  0.16339869281045752     
        1378  0.27431059506531202     
        1379  0.28716461203770849     
        1380  0.17246376811594202     
        1381  0.50036205648081100     
        1382  0.50072358900144720     
        1383  0.33405639913232105     
        1384  0.25144508670520233     
        1385  0.30108303249097473     
        1386  0.17316017316017315     
        1387  0.26676279740447006     
        1388  0.37608069164265129     
        1389  0.33405327573794097     
        1390  0.30215827338129497     
        1391  0.27174694464414090     
        1392  0.17097701149425287     
        1393  0.28715003589375449     
        1394  0.27116212338593976     
        1395  0.17204301075268819     
        1396  0.37607449856733527     
        1397  0.27487473156764497     
        1398  0.33476394849785407     
        1399  0.50035739814152969     
        1400  0.15857142857142856     
        1401  0.33404710920770880     
        1402  0.50071326676176886     
        1403  0.26514611546685674     
        1404  0.16666666666666666     
        1405  0.30106761565836299     
        1406  0.27027027027027029     
        1407  0.19331911869225302     
        1408  0.16051136363636365     
        1409  0.50035486160397447     
        1410  0.20425531914893616     
        1411  0.26789510985116938     
        1412  0.37606232294617564     
        1413  0.22363765038924274     
        1414  0.28854314002828857     
        1415  0.30106007067137808     
        1416  0.18997175141242939     
        1417  0.27170077628793227     
        1418  0.50070521861777151     
        1419  0.18604651162790697     
        1420  0.22816901408450704     
        1421  0.16889514426460239     
        1422  0.22503516174402249     
        1423  0.50035137034434296     
        1424  0.22050561797752810     
        1425  0.16842105263157894     
        1426  0.26928471248246844     
        1427  0.50035038542396637     
        1428  0.16806722689075632     
        1429  0.50034989503149052     
        1430  0.17622377622377622     
        1431  0.18867924528301888     
        1432  0.25139664804469275     
        1433  0.50034891835310535     
        1434  0.33472803347280333     
        1435  0.17560975609756097     
        1436  0.37604456824512533     
        1437  0.33402922755741127     
        1438  0.50069541029207232     
        1439  0.50034746351633075     
        1440  0.15833333333333333     
        1441  0.27480916030534353     
        1442  0.28848821081830789     
        1443  0.18433818433818433     
        1444  0.20775623268698060     
        1445  0.16816608996539792     
        1446  0.33471645919778698     
        1447  0.50034554250172769     
        1448  0.25138121546961328     
        1449  0.16563146997929606     
        1450  0.18620689655172415     
        1451  0.50034458993797382     
        1452  0.16597796143250690     
        1453  0.50034411562284931     
        1454  0.50068775790921594     
        1455  0.20206185567010310     
        1456  0.15934065934065933     
        1457  0.26355525051475637     
        1458  0.17146776406035666     
        1459  0.50034270047978069     
        1460  0.22808219178082192     
        1461  0.33401779603011633     
        1462  0.27086183310533518     
        1463  0.16404647983595352     
        1464  0.18989071038251365     
        1465  0.30102389078498293     
        1466  0.50068212824010916     
        1467  0.22358554873892297     
        1468  0.37602179836512262     
        1469  0.27161334240980256     
        1470  0.17414965986394557     
        1471  0.50033990482664858     
        1472  0.16847826086956522     
        1473  0.33401221995926678     
        1474  0.27679782903663502     
        1475  0.18305084745762712     
        1476  0.18428184281842819     
        1477  0.28706838185511169     
        1478  0.50067658998646825     
        1479  0.18255578093306288     
        1480  0.17837837837837839     
        1481  0.50033760972315999     
        1482  0.18893387314439947     
        1483  0.50033715441672288     
        1484  0.21832884097035041     
        1485  0.16161616161616163     
        1486  0.50067294751009417     
        1487  0.50033624747814387     
        1488  0.17069892473118278     
        1489  0.50033579583613164     
        1490  0.30201342281879195     
        1491  0.19315895372233399     
        1492  0.37600536193029488     
        1493  0.50033489618218352     
        1494  0.22489959839357429     
        1495  0.16856187290969898     
        1496  0.17112299465240641     
        1497  0.33400133600534404     
        1498  0.28838451268357812     
        1499  0.50033355570380256     
        1500  0.16266666666666665     
        1501  0.26648900732844771     
        1502  0.50066577896138487     
        1503  0.22355289421157684     
        1504  0.19015957446808510     
        1505  0.17541528239202658     
        1506  0.33466135458167329     
        1507  0.27471798274717985     
        1508  0.20888594164456234     
        1509  0.33399602385685884     
        1510  0.30198675496688743     
        1511  0.50033090668431501     
        1512  0.15608465608465608     
        1513  0.26768010575016521     
        1514  0.50066050198150591     
        1515  0.20198019801980199     
        1516  0.37598944591029021     
        1517  0.26301911667765326     
        1518  0.18972332015810275     
        1519  0.16853192890059249     
        1520  0.16184210526315790     
        1521  0.16107823800131493     
        1522  0.50065703022339025     
        1523  0.50032829940906109     
        1524  0.25196850393700787     
        1525  0.18295081967213114     
        1526  0.28833551769331583     
        1527  0.33398821218074654     
        1528  0.25130890052356020     
        1529  0.27468933943754087     
        1530  0.17647058823529413     
        1531  0.50032658393207052     
        1532  0.37597911227154046     
        1533  0.19308545335942595     
        1534  0.27379400260756193     
        1535  0.30097719869706840     
        1536  0.16210937500000000     
        1537  0.26350032530904360     
        1538  0.50065019505851760     
        1539  0.16244314489928524     
        1540  0.15974025974025974     
        1541  0.26476314081765090     
        1542  0.33463035019455251     
        1543  0.50032404406999353     
        1544  0.25129533678756477     
        1545  0.20194174757281552     
        1546  0.50064683053040104     
        1547  0.16289592760180996     
        1548  0.18410852713178294     
        1549  0.50032278889606197     
        1550  0.18580645161290324     
        1551  0.18568665377176016     
        1552  0.22036082474226804     
        1553  0.50032195750160979     
        1554  0.19562419562419561     
        1555  0.30096463022508041     
        1556  0.37596401028277637     
        1557  0.22350674373795762     
        1558  0.26957637997432604     
        1559  0.50032071840923664     
        1560  0.15769230769230769     
        1561  0.28699551569506726     
        1562  0.27656850192061461     
        1563  0.33397312859884837     
        1564  0.20716112531969311     
        1565  0.30095846645367413     
        1566  0.19157088122605365     
        1567  0.50031908104658585     
        1568  0.15943877551020408     
        1569  0.33397068196303376     
        1570  0.30191082802547770     
        1571  0.50031826861871420     
        1572  0.25190839694656486     
        1573  0.16020343293070566     
        1574  0.50063532401524780     
        1575  0.16253968253968254     
        1576  0.25126903553299490     
        1577  0.26632847178186431     
        1578  0.33460076045627374     
        1579  0.50031665611146292     
        1580  0.22784810126582278     
        1581  0.18216318785578747     
        1582  0.28824273072060685     
        1583  0.50031585596967787     
        1584  0.15719696969696970     
        1585  0.30094637223974763     
        1586  0.27364438839848676     
        1587  0.18147448015122875     
        1588  0.37594458438287154     
        1589  0.28697293895531784     
        1590  0.20377358490566039     
        1591  0.26272784412319294     
        1592  0.25125628140703515     
        1593  0.18832391713747645     
        1594  0.50062735257214552     
        1595  0.16927899686520376     
        1596  0.16729323308270677     
        1597  0.50031308703819666     
        1598  0.27033792240300375     
        1599  0.18386491557223264     
        1600  0.15625000000000000     
        1601  0.50031230480949407     
        1602  0.22471910112359550     
        1603  0.28696194635059263     
        1604  0.37593516209476308     
        1605  0.20186915887850468     
        1606  0.27646326276463262     
        1607  0.50031113876789046     
        1608  0.18967661691542290     
        1609  0.50031075201988817     
        1610  0.17888198757763976     
        1611  0.22346368715083798     
        1612  0.20843672456575682     
        1613  0.50030998140111593     
        1614  0.33457249070631973     
        1615  0.16718266253869968     
        1616  0.22029702970297030     
        1617  0.16326530612244897     
        1618  0.50061804697156986     
        1619  0.50030883261272385     
        1620  0.15864197530864196     
        1621  0.50030845157310300     
        1622  0.50061652281134406     
        1623  0.33394947627849664     
        1624  0.17364532019704434     
        1625  0.16800000000000001     
        1626  0.33456334563345635     
        1627  0.50030731407498463     
        1628  0.21007371007371006     
        1629  0.22344996930632291     
        1630  0.30184049079754599     
        1631  0.28694052728387492     
        1632  0.16176470588235295     
        1633  0.26454378444580529     
        1634  0.26927784577723379     
        1635  0.20183486238532111     
        1636  0.37591687041564792     
        1637  0.50030543677458761     
        1638  0.17094017094017094     
        1639  0.27455765710799268     
        1640  0.17804878048780487     
        1641  0.33394271785496649     
        1642  0.50060901339829478     
        1643  0.26293365794278756     
        1644  0.25182481751824820     
        1645  0.17507598784194528     
        1646  0.50060753341433784     
        1647  0.18822100789313903     
        1648  0.22026699029126215     
        1649  0.26743480897513644     
        1650  0.17454545454545456     
        1651  0.27135069654754695     
        1652  0.21791767554479419     
        1653  0.18148820326678766     
        1654  0.50060459492140263     
        1655  0.30090634441087616     
        1656  0.16485507246376813     
        1657  0.50030175015087508     
        1658  0.50060313630880582     
        1659  0.19288728149487644     
        1660  0.22771084337349398     
        1661  0.27453341360626127     
        1662  0.33453670276774972     
        1663  0.50030066145520147     
        1664  0.15925480769230768     
        1665  0.17117117117117117     
        1666  0.17286914765906364     
        1667  0.50029994001199762     
        1668  0.25179856115107913     
        1669  0.50029958058717794     
        1670  0.30179640718562872     
        1671  0.33393177737881508     
        1672  0.17045454545454544     
        1673  0.28690974297668859     
        1674  0.19115890083632020     
        1675  0.18268656716417911     
        1676  0.37589498806682575     
        1677  0.18366129994036970     
        1678  0.50059594755661507     
        1679  0.26444312090530075     
        1680  0.15714285714285714     
        1681  0.26234384295062463     
        1682  0.26753864447086800     
        1683  0.16042780748663102     
        1684  0.37589073634204273     
        1685  0.30089020771513353     
        1686  0.33451957295373663     
        1687  0.28689982216953169     
        1688  0.25118483412322273     
        1689  0.33392539964476020     
        1690  0.17396449704142011     
        1691  0.26611472501478417     
        1692  0.18380614657210401     
        1693  0.50029533372711166     
        1694  0.17001180637544275     
        1695  0.20176991150442478     
        1696  0.18985849056603774     
        1697  0.50029463759575721     
        1698  0.33451118963486454     
        1699  0.50029429075927012     
        1700  0.16176470588235295     
        1701  0.16166960611405057     
        1702  0.26792009400705052     
        1703  0.27128596594245447     
        1704  0.18955399061032863     
        1705  0.16891495601173021     
        1706  0.50058616647127785     
        1707  0.33391915641476272     
        1708  0.21779859484777517     
        1709  0.50029256875365713     
        1710  0.17543859649122806     
        1711  0.26300409117475160     
        1712  0.22021028037383178     
        1713  0.33391710449503792     
        1714  0.50058343057176191     
        1715  0.16793002915451896     
        1716  0.16433566433566432     
        1717  0.26732673267326734     
        1718  0.50058207217694994     
        1719  0.22338568935427575     
        1720  0.17790697674418604     
        1721  0.50029052876234748     
        1722  0.19512195121951220     
        1723  0.50029019152640741     
        1724  0.37587006960556846     
        1725  0.16695652173913045     
        1726  0.50057937427578214     
        1727  0.27446438911407062     
        1728  0.16377314814814814     
        1729  0.16194331983805668     
        1730  0.30173410404624279     
        1731  0.33391103408434430     
        1732  0.37586605080831409     
        1733  0.50028851702250432     
        1734  0.18685121107266436     
        1735  0.30086455331412104     
        1736  0.17338709677419356     
        1737  0.22337363270005758     
        1738  0.27617951668584578     
        1739  0.26221966647498562     
        1740  0.17126436781609194     
        1741  0.50028719126938537     
        1742  0.27324913892078073     
        1743  0.19277108433734941     
        1744  0.22018348623853212     
        1745  0.30085959885386820     
        1746  0.22451317296678122     
        1747  0.50028620492272469     
        1748  0.20594965675057209     
        1749  0.18524871355060035     
        1750  0.17828571428571430     
        1751  0.26727584237578528     
        1752  0.18949771689497716     
        1753  0.50028522532800912     
        1754  0.50057012542759405     
        1755  0.15954415954415954     
        1756  0.37585421412300685     
        1757  0.28685258964143429     
        1758  0.33447098976109213     
        1759  0.50028425241614549     
        1760  0.15568181818181817     
        1761  0.33390119250425893     
        1762  0.50056753688989786     
        1763  0.26205331820760069     
        1764  0.15646258503401361     
        1765  0.30084985835694050     
        1766  0.50056625141562849     
        1767  0.18109790605546122     
        1768  0.16968325791855204     
        1769  0.26286037309214244     
        1770  0.20338983050847459     
        1771  0.16261998870694522     
        1772  0.37584650112866819     
        1773  0.22335025380710660     
        1774  0.50056369785794819     
        1775  0.18253521126760563     
        1776  0.17004504504504506     
        1777  0.50028137310073162     
        1778  0.28796400449943760     
        1779  0.33389544688026984     
        1780  0.22752808988764045     
        1781  0.27119595732734419     
        1782  0.16835016835016836     
        1783  0.50028042624789681     
        1784  0.25112107623318386     
        1785  0.16134453781512606     
        1786  0.26875699888017918     
        1787  0.50027979854504756     
        1788  0.25167785234899331     
        1789  0.50027948574622694     
        1790  0.30167597765363130     
        1791  0.22333891680625348     
        1792  0.15848214285714285     
        1793  0.27440044617958731     
        1794  0.18729096989966554     
        1795  0.30083565459610029     
        1796  0.37583518930957682     
        1797  0.33388981636060100     
        1798  0.26696329254727474     
        1799  0.28682601445247358     
        1800  0.15666666666666668     
        1801  0.50027762354247640     
        1802  0.26970033296337403     
        1803  0.33388796450360508     
        1804  0.20953436807095344     
        1805  0.16620498614958448     
        1806  0.19490586932447398     
        1807  0.27116768123962370     
        1808  0.22013274336283187     
        1809  0.18794914317302377     
        1810  0.30165745856353593     
        1811  0.50027609055770295     
        1812  0.25165562913907286     
        1813  0.16767788196359626     
        1814  0.50055126791620730     
        1815  0.15867768595041323     
        1816  0.25110132158590309     
        1817  0.26417171161254815     
        1818  0.22442244224422442     
        1819  0.26717976910390323     
        1820  0.15824175824175823     
        1821  0.33388248215266336     
        1822  0.50054884742041716     
        1823  0.50027427317608342     
        1824  0.16118421052631579     
        1825  0.18246575342465754     
        1826  0.27601314348302303     
        1827  0.16420361247947454     
        1828  0.37582056892778992     
        1829  0.26243849097867689     
        1830  0.20327868852459016     
        1831  0.50027307482250138     
        1832  0.25109170305676853     
        1833  0.18330605564648117     
        1834  0.28789531079607417     
        1835  0.30081743869209809     
        1836  0.16448801742919389     
        1837  0.27436037016875342     
        1838  0.50054406964091402     
        1839  0.33387710712343666     
        1840  0.16086956521739129     
        1841  0.28680065181966324     
        1842  0.33441910966340932     
        1843  0.26587086272381988     
        1844  0.37581344902386116     
        1845  0.17073170731707318     
        1846  0.27302275189599134     
        1847  0.50027070925825667     
        1848  0.15422077922077923     
        1849  0.26176311519740403     
        1850  0.18486486486486486     
        1851  0.33387358184764993     
        1852  0.37580993520518358     
        1853  0.26713437668645440     
        1854  0.22437971952535060     
        1855  0.17466307277628032     
        1856  0.16756465517241378     
        1857  0.33387183629509964     
        1858  0.50053821313240043     
        1859  0.15814954276492738     
        1860  0.17096774193548386     
        1861  0.50026867275658249     
        1862  0.17185821697099893     
        1863  0.16103059581320450     
        1864  0.25107296137339058     
        1865  0.30080428954423594     
        1866  0.33440514469453375     
        1867  0.50026780931976433     
        1868  0.37580299785867238     
        1869  0.19261637239165330     
        1870  0.17326203208556148     
        1871  0.50026723677177976     
        1872  0.15598290598290598     
        1873  0.50026695141484245     
        1874  0.50053361792956241     
        1875  0.16639999999999999     
        1876  0.21748400852878466     
        1877  0.50026638252530631     
        1878  0.33439829605963789     
        1879  0.50026609898882379     
        1880  0.17765957446808511     
        1881  0.15948963317384371     
        1882  0.50053134962805523     
        1883  0.28677642060541692     
        1884  0.25159235668789809     
        1885  0.16710875331564987     
        1886  0.26723223753976671     
        1887  0.18124006359300476     
        1888  0.18961864406779660     
        1889  0.50026469031233456     
        1890  0.16931216931216930     
        1891  0.26229508196721313     
        1892  0.20930232558139536     
        1893  0.33386159535129423     
        1894  0.50052798310454061     
        1895  0.30079155672823221     
        1896  0.18934599156118143     
        1897  0.28676858197153399     
        1898  0.27291886195995785     
        1899  0.22327540810953134     
        1900  0.16105263157894736     
        1901  0.50026301946344032     
        1902  0.33438485804416401     
        1903  0.27430373095112981     
        1904  0.15756302521008403     
        1905  0.20157480314960630     
        1906  0.50052465897166842     
        1907  0.50026219192448873     
        1908  0.18343815513626835     
        1909  0.26401257202723938     
        1910  0.30157068062827225     
        1911  0.16117216117216118     
        1912  0.25104602510460250     
        1913  0.50026136957658129     
        1914  0.18808777429467086     
        1915  0.30078328981723240     
        1916  0.37578288100208768     
        1917  0.18779342723004694     
        1918  0.28779979144942647     
        1919  0.26576341844710788     
        1920  0.15468750000000001     
        1921  0.26704841228526810     
        1922  0.26638917793964623     
        1923  0.33385335413416539     
        1924  0.20738045738045738     
        1925  0.16207792207792207     
        1926  0.22429906542056074     
        1927  0.26154644525168658     
        1928  0.25103734439834025     
        1929  0.33385173665111456     
        1930  0.30155440414507773     
        1931  0.50025893319523562     
        1932  0.16614906832298137     
        1933  0.50025866528711849     
        1934  0.50051706308169597     
        1935  0.17054263565891473     
        1936  0.15599173553719009     
        1937  0.27103768714506971     
        1938  0.18575851393188855     
        1939  0.28674574522949975     
        1940  0.22731958762886598     
        1941  0.33384853168469864     
        1942  0.50051493305870232     
        1943  0.26248069994853318     
        1944  0.15329218106995884     
        1945  0.30077120822622105     
        1946  0.28776978417266186     
        1947  0.18489984591679506     
        1948  0.37577002053388092     
        1949  0.50025654181631607     
        1950  0.17230769230769230     
        1951  0.50025627883136858     
        1952  0.18954918032786885     
        1953  0.16385048643113159     
        1954  0.50051177072671438     
        1955  0.16572890025575449     
        1956  0.25153374233128833     
        1957  0.26571282575370464     
        1958  0.27579162410623087     
        1959  0.33384379785604901     
        1960  0.15612244897959185     
        1961  0.26160122386537482     
        1962  0.22426095820591233     
        1963  0.27101375445746306     
        1964  0.37576374745417518     
        1965  0.20152671755725191     
        1966  0.50050864699898268     
        1967  0.28673106253177427     
        1968  0.16971544715447154     
        1969  0.27425088877602843     
        1970  0.30152284263959389     
        1971  0.18772196854388634     
        1972  0.20537525354969574     
        1973  0.50025342118601113     
        1974  0.19452887537993921     
        1975  0.18227848101265823     
        1976  0.16902834008097167     
        1977  0.33383915022761762     
        1978  0.26693629929221435     
        1979  0.50025265285497722     
        1980  0.15656565656565657     
        1981  0.28672387682988387     
        1982  0.50050454086781027     
        1983  0.33383761976802823     
        1984  0.16733870967741934     
        1985  0.30075566750629723     
        1986  0.33434038267875127     
        1987  0.50025163563160546     
        1988  0.21730382293762576     
        1989  0.15837104072398189     
        1990  0.30150753768844218     
        1991  0.27423405323957811     
        1992  0.18925702811244979     
        1993  0.50025087807325641     
        1994  0.50050150451354058     
        1995  0.16040100250626566     
        1996  0.37575150300601201     
        1997  0.50025037556334506     
        1998  0.19019019019019018     
        1999  0.50025012506253130     
        2000  0.15400000000000000     
        2001  0.17991004497751126     
        2002  0.16783216783216784     
