16
36
36
60
72
72
84
84
112
128
128
162
162
162
162
200
210
216
216
240
252
252
270
270
270
300
300
330
330
330
352
352
360
392
392
392
440
440
450
450
468
468
490
490
490
520
520
550
550
550
576
600
600
624
624
624
640
640
650
660
693
704
704
728
750
750
750
750
784
784
784
800
810
832
864
864
896
896
896
896
896
960
972
972
972
990
990
990
990
1020
112
216
330
440
520
624
704
800
900
1100
1224
1300
1404
1520
1620
1710
1824
1900
2106
2200
2352
2432
2530
2618
2704
2816
2904
3136
3220
3312
3402
3500
3648
3724
3822
3952
4114
4212
4312
4416
4550
4624
4732
4840
4900
5104
5220
5346
5408
5500
5632
5742
5800
5928
6138
6200
6318
6422
6510
6647
6720
6820
6900
7106
7254
7308
7424
7502
7600
7744
7812
7920
8120
8228
8352
8432
8500
8602
8704
8820
8928
9126
9200
9300
9438
9500
9614
9702
9802
9920
1020
2000
3036
4000
5000
6032
7038
8060
9044
11016
12000
13024
14022
15004
16008
17028
18040
19006
21056
22016
23040
24012
25004
26010
27040
28028
29008
31020
32000
33024
34040
35088
36040
37026
38012
39008
41000
42066
43010
44032
45050
46020
47000
48070
49020
51000
52022
53000
54060
55056
56050
57000
58050
59048
61000
62016
63063
64050
65018
66062
67000
68076
69006
71060
72030
73002
75020
76038
77050
78033
79007
81016
82008
83025
84042
85050
86022
87032
88040
89034
91020
92016
93060
94024
95000
96052
97008
98020
99029
