3
8
8
12
12
12
12
12
20
20
20
25
25
25
25
36
36
30
30
42
44
44
45
45
45
48
48
48
48
48
60
60
66
64
64
64
78
78
75
75
63
63
80
80
80
70
70
90
90
90
100
104
104
84
84
84
100
100
105
114
120
108
108
112
104
104
104
104
112
112
112
122
125
140
145
145
134
134
134
134
134
159
150
150
150
150
150
150
150
135
20
30
48
78
70
84
108
122
150
168
180
196
210
200
230
230
240
280
315
318
339
360
336
378
392
416
396
452
420
432
495
455
550
530
539
560
594
602
625
624
637
648
644
704
689
660
675
700
728
780
784
750
750
840
800
800
826
910
848
972
988
880
960
990
944
945
1020
976
1100
1060
1008
1144
1050
1143
1155
1152
1170
1188
1188
1232
1216
1274
1260
1200
1224
1300
1320
1331
1365
1360
135
275
396
580
715
780
972
1040
1260
1503
1703
1672
1806
2032
2160
2178
2415
2442
2688
2992
3199
3240
3192
3519
3731
3575
3857
3960
4410
4532
4598
4686
4590
4913
5192
4968
5460
5670
5488
5808
5751
5850
6240
6384
6644
6795
6859
7101
7128
7296
7140
7550
7700
7502
7750
8355
8500
8463
8550
8398
8500
8649
9207
9548
9450
9275
9856
10092
10166
10469
10584
10857
10404
11109
10688
11232
11340
11638
11160
11304
11970
11664
12240
11914
12372
12540
12672
12870
13200
