3
6
6
6
6
6
6
10
10
10
10
20
20
18
18
18
18
18
20
20
20
20
20
24
24
24
30
30
30
30
30
30
30
30
30
30
42
42
42
40
40
40
40
40
42
42
42
42
42
42
42
42
50
50
50
50
50
50
56
56
56
56
56
56
56
56
56
56
56
56
56
63
63
63
63
63
63
63
72
72
72
72
72
72
72
72
72
72
72
72
10
20
32
30
42
50
56
63
72
84
90
108
108
108
126
126
135
135
168
168
165
165
180
192
192
198
198
220
220
234
234
264
264
264
264
275
312
312
330
320
324
324
330
330
360
360
384
364
364
390
390
390
396
420
420
420
440
440
455
455
455
468
468
500
500
546
546
528
525
525
525
550
544
576
576
576
600
600
630
600
600
630
630
630
630
660
660
720
700
700
72
144
216
275
360
420
500
550
600
770
816
918
952
1014
1050
1140
1197
1260
1386
1470
1518
1656
1680
1734
1771
1932
1932
2100
2100
2277
2268
2275
2394
2475
2484
2592
2880
2760
2808
2916
2925
3000
3250
3248
3249
3360
3402
3600
3510
3575
3757
3762
3780
3861
3968
4104
4158
4158
4224
4466
4410
4536
4464
4693
4650
4800
4785
4872
4968
5060
5049
5115
5290
5580
5460
5610
5566
5580
5610
5952
5819
6006
5950
6072
6090
6300
6292
6336
6300
6448
