32
32
32
64
72
72
72
100
100
128
128
144
144
162
162
180
200
200
224
242
242
256
256
272
288
288
304
324
338
338
360
360
360
392
400
400
416
432
450
450
450
484
484
484
512
512
540
540
540
560
576
576
600
600
612
640
648
648
672
676
676
704
704
722
722
736
756
768
784
784
784
800
832
832
832
864
864
864
882
882
896
928
936
936
960
968
968
972
980
1014
100
200
324
400
512
600
722
800
900
1100
1200
1300
1400
1500
1600
1700
1800
1922
2116
2200
2304
2400
2500
2600
2700
2816
2904
3100
3200
3312
3400
3500
3610
3724
3800
3920
4116
4212
4312
4418
4500
4624
4704
4802
4900
5120
5200
5324
5408
5508
5618
5700
5808
5904
6100
6200
6300
6400
6500
6624
6724
6804
6912
7100
7220
7300
7424
7500
7600
7700
7800
7920
8112
8214
8300
8424
8500
8624
8704
8820
8900
9100
9200
9300
9408
9504
9604
9720
9800
9900
1024
2000
3000
4000
5000
6000
7000
8000
9000
11016
12000
13000
14000
15000
16000
17000
18000
19008
21024
22000
23004
24010
25000
26010
27000
28000
29008
31000
32000
33024
34000
35000
36000
37004
38016
39004
41000
42000
43008
44000
45000
46000
47000
48020
49000
51000
52020
53016
54000
55000
56000
57024
58016
59000
61017
62000
63000
64000
65000
66000
67000
68000
69012
71000
72000
73008
74008
75000
76000
77000
78000
79007
81000
82000
83006
84000
85000
86016
87024
88000
89012
91008
92016
93024
94000
95000
96000
97020
98000
99000
