2
2
6
6
6
6
6
6
6
8
8
10
10
10
10
10
10
10
10
10
10
10
10
19
19
19
19
19
19
19
19
19
19
19
19
19
19
19
19
19
19
19
19
19
19
28
28
28
28
28
28
28
28
28
28
28
28
28
28
28
28
28
28
28
28
28
28
28
28
28
28
28
28
28
28
28
28
28
40
40
40
40
40
40
40
40
40
40
40
40
6
10
19
19
19
28
28
28
40
44
44
44
60
60
60
60
60
60
85
85
85
85
85
85
85
85
85
110
110
110
110
110
110
110
110
110
146
146
146
146
146
146
146
146
146
146
146
146
172
182
182
182
182
182
182
182
182
182
182
182
182
182
182
231
231
231
231
231
231
231
231
231
231
231
231
231
231
231
231
280
280
280
280
280
280
280
280
280
280
280
40
60
110
110
146
182
231
231
280
344
344
344
408
408
408
489
489
489
570
570
570
670
670
670
670
770
770
770
770
891
891
891
1012
1012
1012
1012
1012
1012
1156
1156
1156
1156
1156
1156
1368
1300
1300
1300
1300
1469
1469
1469
1469
1469
1469
1469
1632
1632
1638
1638
1638
1638
1638
1834
1834
1834
1834
1834
1834
1834
1834
2030
2030
2030
2030
2030
2030
2030
2030
2280
2280
2280
2255
2255
2255
2255
2255
2255
2480
2480
