32
32
108
108
108
108
108
108
108
128
128
256
256
256
256
256
256
256
256
256
256
256
256
500
500
500
500
500
500
500
500
500
500
500
500
500
500
500
500
500
500
500
500
500
500
864
864
864
864
864
864
864
864
864
864
864
864
864
864
864
864
864
864
864
864
864
864
864
864
864
864
864
864
864
864
864
864
864
1024
1024
1024
1024
1024
1024
1024
1024
1024
1024
1024
1024
108
256
500
500
500
864
864
864
1024
1372
1372
1372
2048
2048
2048
2048
2048
2048
2916
2916
2916
2916
2916
2916
2916
2916
2916
4000
4000
4000
4000
4000
4000
4000
4000
4000
5324
5324
5324
5324
5324
5324
5324
5324
5324
5324
5324
5324
5488
6912
6912
6912
6912
6912
6912
6912
6912
6912
6912
6912
6912
6912
6912
8788
8788
8788
8788
8788
8788
8788
8788
8788
8788
8788
8788
8788
8788
8788
8788
10976
10976
10976
10976
10976
10976
10976
10976
10976
10976
10976
1024
2048
4000
4000
5324
6912
8788
8788
10976
13500
13500
13500
16384
16384
16384
19652
19652
19652
23328
23328
23328
27436
27436
27436
27436
32000
32000
32000
32000
37044
37044
37044
42592
42592
42592
42592
42592
42592
48668
48668
48668
48668
48668
48668
54000
55296
55296
55296
55296
62500
62500
62500
62500
62500
62500
62500
65536
65536
70304
70304
70304
70304
70304
78732
78732
78732
78732
78732
78732
78732
78732
87808
87808
87808
87808
87808
87808
87808
87808
93312
93312
93312
97556
97556
97556
97556
97556
97556
108000
108000
