24
27
40
45
63
72
75
81
99
120
125
135
147
160
168
175
189
200
216
225
240
245
264
264
275
288
300
315
325
343
343
360
360
375
385
392
420
432
441
441
455
468
480
480
495
520
528
539
540
560
567
576
585
595
624
624
637
648
660
665
675
693
693
720
729
735
741
760
765
784
784
792
819
833
833
847
864
864
880
891
891
924
931
931
945
960
960
975
980
1001
105
200
300
405
504
605
704
800
900
1100
1200
1309
1408
1500
1600
1701
1800
1904
2112
2200
2304
2400
2511
2601
2700
2805
2912
3105
3211
3312
3400
3509
3600
3705
3808
3913
4104
4200
4301
4400
4508
4608
4704
4807
4913
5103
5208
5313
5408
5508
5600
5712
5808
5904
6105
6200
6300
6409
6500
6601
6700
6800
6912
7104
7200
7308
7400
7500
7600
7700
7803
7904
8100
8211
8303
8400
8505
8613
8712
8800
8901
9108
9200
9300
9405
9504
9600
9702
9800
9900
1001
2000
3003
4004
5000
6000
7000
8000
9000
11000
12012
13000
14007
15000
16000
17000
18009
19008
21000
22011
23001
24013
25012
26013
27001
28000
29008
31008
32000
33005
34000
35003
36000
37000
38012
39008
41013
42000
43008
44000
45000
46000
47000
48000
49005
52000
53000
54000
55000
56000
57000
58007
59000
61000
62000
63000
64000
65000
67000
68000
69003
71001
72000
73008
74000
75012
76000
77000
78000
79007
81000
82000
83013
84000
85008
86000
87000
88000
89001
91008
94000
96000
97000
99000
