8
8
12
12
16
18
18
20
24
27
27
30
32
36
36
36
40
42
45
45
48
48
54
54
54
58
60
60
63
64
64
70
70
72
72
76
80
80
80
80
84
91
90
90
90
98
96
96
100
100
100
105
105
108
112
112
112
115
120
120
120
120
120
125
125
128
140
140
135
136
136
138
140
144
144
144
150
150
150
150
150
162
160
160
160
165
165
168
176
168
24
42
60
75
92
108
126
140
155
186
200
216
234
248
262
275
288
306
336
348
368
376
400
405
424
432
448
480
490
516
522
540
552
560
576
616
620
632
648
671
684
693
704
720
729
770
784
792
805
819
834
846
867
903
912
928
936
945
975
1008
1054
999
1017
1064
1053
1080
1102
1118
1110
1131
1134
1150
1183
1188
1200
1222
1232
1260
1269
1274
1320
1320
1332
1376
1360
1372
1391
1452
1417
1430
168
323
462
609
754
897
1027
1170
1300
1573
1716
1846
1980
2119
2262
2392
2520
2669
2934
3060
3213
3420
3477
3600
3808
3874
4009
4278
4436
4536
4784
4860
4938
5092
5214
5400
5600
5724
5867
6136
6148
6307
6432
6528
6647
7072
7236
7314
7506
7578
7730
7920
8040
8308
8528
8496
8641
8807
9112
9164
9282
9600
9687
9820
9937
10080
10210
10360
10491
10584
10856
10983
11220
11256
11385
11506
11690
11779
11968
12240
12552
12825
13132
13216
