8
8
10
10
12
14
14
16
16
21
21
24
24
27
27
27
27
27
30
30
33
33
33
33
33
33
40
40
40
40
40
40
40
49
49
49
49
49
49
58
58
66
66
66
68
68
72
72
72
72
72
72
72
72
72
72
72
72
72
72
72
88
88
91
91
91
91
91
91
91
91
91
104
104
104
104
100
100
100
100
100
100
100
100
100
100
100
100
112
112
19
27
40
49
68
72
88
91
100
130
132
132
147
170
169
169
180
198
210
236
236
236
254
256
256
280
299
299
306
322
356
368
368
361
361
370
395
395
416
420
420
448
448
448
476
484
484
513
513
534
534
534
552
552
564
595
597
597
623
623
623
627
660
660
660
682
695
695
702
702
702
728
763
763
763
763
786
800
801
801
836
836
836
875
875
870
870
870
910
914
112
198
299
395
476
552
660
728
836
992
1075
1163
1251
1344
1442
1540
1593
1696
1859
1984
2030
2156
2208
2294
2412
2459
2596
2720
2788
2919
2996
3069
3139
3256
3344
3434
3588
3666
3746
3824
3904
3987
4067
4150
4288
4488
4581
4662
4695
4802
4909
5005
5100
5123
5344
5440
5456
5572
5668
5724
5800
5919
6003
6154
6256
6389
6396
6517
6688
6645
6786
6919
7040
7080
7150
7334
7365
7413
7530
7600
7676
7902
7974
