49
49
64
64
81
100
100
121
121
169
169
196
196
225
225
225
225
225
256
256
289
289
289
289
289
289
361
361
361
361
361
361
361
432
432
432
432
432
432
500
500
578
578
578
605
605
675
675
675
675
675
675
675
675
675
675
675
675
675
675
675
800
800
845
845
845
845
845
845
845
845
845
968
968
968
968
972
972
972
972
972
972
972
972
972
972
972
972
1058
1058
144
225
361
432
605
675
800
845
972
1250
1323
1323
1445
1682
1728
1728
1805
2000
2187
2420
2420
2420
2592
2700
2700
2888
3125
3125
3267
3380
3703
3844
3844
3888
3888
3920
4205
4205
4375
4563
4563
4732
4805
4805
5120
5292
5292
5476
5476
5780
5780
5780
6075
6075
6125
6400
6480
6480
6724
6724
6724
6845
7220
7220
7220
7396
7605
7605
7803
7803
7803
8000
8405
8405
8405
8405
8575
8649
8820
8820
9245
9245
9245
9604
9604
9747
9747
9747
10000
10125
1058
2000
3125
4205
5120
6075
7220
8000
9245
11045
12005
13005
14045
15125
16245
17405
18000
19220
21125
22090
23120
24200
25205
26047
27040
28125
29575
31205
32000
33327
34445
35280
36125
37303
38332
39204
41405
42320
43245
44180
45125
46080
47045
48020
49392
51772
52488
53290
54208
55112
56700
57132
58806
59248
61852
62410
63175
64512
65219
66150
67228
68607
69192
71407
72200
73728
74263
75272
76664
77175
78408
80000
81356
82134
83167
84375
85184
86247
87131
88209
89383
91592
92160
