           4  0.75000000000000000     
           8  0.50000000000000000     
           9  0.33333333333333331     
          12  0.50000000000000000     
          16  0.31250000000000000     
          18  0.33333333333333331     
          20  0.45000000000000001     
          24  0.33333333333333331     
          25  0.23999999999999999     
          27  0.22222222222222221     
          28  0.42857142857142855     
          32  0.28125000000000000     
          36  0.25000000000000000     
          40  0.29999999999999999     
          44  0.40909090909090912     
          45  0.20000000000000001     
          48  0.22916666666666666     
          49  0.20408163265306123     
          50  0.23999999999999999     
          52  0.40384615384615385     
          54  0.22222222222222221     
          56  0.28571428571428570     
          60  0.40000000000000002     
          63  0.19047619047619047     
          64  0.20312500000000000     
          68  0.39705882352941174     
          72  0.18055555555555555     
          75  0.16000000000000000     
          76  0.39473684210526316     
          80  0.21249999999999999     
          81  0.18518518518518517     
          84  0.39285714285714285     
          88  0.27272727272727271     
          90  0.20000000000000001     
          92  0.39130434782608697     
          96  0.17708333333333334     
          98  0.20408163265306123     
          99  0.18181818181818182     
         100  0.17999999999999999     
         104  0.26923076923076922     
         108  0.17592592592592593     
         112  0.20535714285714285     
         116  0.38793103448275862     
         117  0.17948717948717949     
         120  0.26666666666666666     
         121  0.17355371900826447     
         124  0.38709677419354838     
         125  0.14399999999999999     
         126  0.19047619047619047     
         128  0.16406250000000000     
         132  0.38636363636363635     
         135  0.17777777777777778     
         136  0.26470588235294118     
         140  0.38571428571428573     
         144  0.15277777777777779     
         147  0.13605442176870750     
         148  0.38513513513513514     
         150  0.16000000000000000     
         152  0.26315789473684209     
         153  0.17647058823529413     
         156  0.38461538461538464     
         160  0.16250000000000001     
         162  0.18518518518518517     
         164  0.38414634146341464     
         168  0.26190476190476192     
         169  0.16568047337278108     
         171  0.17543859649122806     
         172  0.38372093023255816     
         175  0.13714285714285715     
         176  0.19886363636363635     
         180  0.16111111111111112     
         184  0.26086956521739130     
         188  0.38297872340425532     
         189  0.17460317460317459     
         192  0.14062500000000000     
         196  0.15306122448979592     
         198  0.18181818181818182     
         200  0.13500000000000001     
         204  0.38235294117647056     
         207  0.17391304347826086     
         208  0.19711538461538461     
         212  0.38207547169811323     
         216  0.13888888888888890     
         220  0.38181818181818183     
         224  0.15625000000000000     
         225  0.13333333333333333     
         228  0.38157894736842107     
         232  0.25862068965517243     
         234  0.17948717948717949     
         236  0.38135593220338981     
         240  0.19583333333333333     
         242  0.17355371900826447     
         243  0.12345679012345678     
         244  0.38114754098360654     
         245  0.12244897959183673     
         248  0.25806451612903225     
         250  0.14399999999999999     
         252  0.15476190476190477     
         256  0.14062500000000000     
         260  0.38076923076923075     
         261  0.17241379310344829     
         264  0.25757575757575757     
         268  0.38059701492537312     
         270  0.17777777777777778     
         272  0.19485294117647059     
         275  0.13090909090909092     
         276  0.38043478260869568     
         279  0.17204301075268819     
         280  0.25714285714285712     
         284  0.38028169014084506     
         288  0.13194444444444445     
         289  0.15570934256055363     
         292  0.38013698630136988     
         294  0.13605442176870750     
         296  0.25675675675675674     
         297  0.17171717171717171     
         300  0.13000000000000000     
         304  0.19407894736842105     
         306  0.17647058823529413     
         308  0.37987012987012986     
         312  0.25641025641025639     
         315  0.17142857142857143     
         316  0.37974683544303800     
         320  0.13125000000000001     
         324  0.13888888888888890     
         325  0.12923076923076923     
         328  0.25609756097560976     
         332  0.37951807228915663     
         333  0.17117117117117117     
         336  0.19345238095238096     
         338  0.16568047337278108     
         340  0.37941176470588234     
         342  0.17543859649122806     
         343  0.11661807580174927     
         344  0.25581395348837210     
         348  0.37931034482758619     
         350  0.13714285714285715     
         351  0.17094017094017094     
         352  0.15056818181818182     
         356  0.37921348314606740     
         360  0.12777777777777777     
         361  0.15235457063711910     
         363  0.11570247933884298     
         364  0.37912087912087911     
         368  0.19293478260869565     
         369  0.17073170731707318     
         372  0.37903225806451613     
         375  0.12800000000000000     
         376  0.25531914893617019     
         378  0.17460317460317459     
         380  0.37894736842105264     
         384  0.11979166666666667     
         387  0.17054263565891473     
         388  0.37886597938144329     
         392  0.11734693877551021     
         396  0.14898989898989898     
         400  0.12000000000000000     
         404  0.37871287128712872     
         405  0.11111111111111110     
         408  0.25490196078431371     
         412  0.37864077669902912     
         414  0.17391304347826086     
         416  0.14903846153846154     
         420  0.37857142857142856     
         423  0.17021276595744680     
         424  0.25471698113207547     
         425  0.12705882352941175     
         428  0.37850467289719625     
         432  0.11574074074074074     
         436  0.37844036697247707     
         440  0.25454545454545452     
         441  0.11337868480725624     
         444  0.37837837837837840     
         448  0.12723214285714285     
         450  0.13333333333333333     
         452  0.37831858407079644     
         456  0.25438596491228072     
         459  0.16993464052287582     
         460  0.37826086956521737     
         464  0.19181034482758622     
         468  0.14743589743589744     
         472  0.25423728813559321     
         475  0.12631578947368421     
         476  0.37815126050420167     
         477  0.16981132075471697     
         480  0.14791666666666667     
         484  0.13016528925619836     
         486  0.12345679012345678     
         488  0.25409836065573771     
         490  0.12244897959183673     
         492  0.37804878048780488     
         495  0.16969696969696971     
         496  0.19153225806451613     
         500  0.12000000000000000     
         504  0.12301587301587301     
         507  0.11045364891518737     
         508  0.37795275590551181     
         512  0.11523437500000000     
         513  0.16959064327485379     
         516  0.37790697674418605     
         520  0.25384615384615383     
         522  0.17241379310344829     
         524  0.37786259541984735     
         525  0.12571428571428572     
         528  0.19128787878787878     
         529  0.14744801512287334     
         531  0.16949152542372881     
         532  0.37781954887218044     
         536  0.25373134328358210     
         539  0.11131725417439703     
         540  0.14629629629629629     
         544  0.14705882352941177     
         548  0.37773722627737227     
         549  0.16939890710382513     
         550  0.13090909090909092     
         552  0.25362318840579712     
         556  0.37769784172661869     
         558  0.17204301075268819     
         560  0.19107142857142856     
         564  0.37765957446808512     
         567  0.10582010582010581     
         568  0.25352112676056338     
         572  0.37762237762237760     
         575  0.12521739130434784     
         576  0.12152777777777778     
         578  0.15570934256055363     
         580  0.37758620689655170     
         584  0.25342465753424659     
         585  0.16923076923076924     
         588  0.11224489795918367     
         592  0.19087837837837837     
         594  0.17171717171717171     
         596  0.37751677852348992     
         600  0.11000000000000000     
         603  0.16915422885572140     
         604  0.37748344370860926     
         605  0.10413223140495868     
         608  0.14638157894736842     
         612  0.14542483660130720     
         616  0.25324675324675322     
         620  0.37741935483870970     
         621  0.16908212560386474     
         624  0.19070512820512819     
         625  0.12479999999999999     
         628  0.37738853503184716     
         630  0.17142857142857143     
         632  0.25316455696202533     
         636  0.37735849056603776     
         637  0.10989010989010989     
         639  0.16901408450704225     
         640  0.11093749999999999     
         644  0.37732919254658387     
         648  0.12037037037037036     
         650  0.12923076923076923     
         652  0.37730061349693250     
         656  0.19054878048780488     
         657  0.16894977168949771     
         660  0.37727272727272726     
         664  0.25301204819277107     
         666  0.17117117117117117     
         668  0.37724550898203590     
         672  0.14583333333333334     
         675  0.10666666666666667     
         676  0.12426035502958580     
         680  0.25294117647058822     
         684  0.14473684210526316     
         686  0.11661807580174927     
         688  0.19040697674418605     
         692  0.37716763005780346     
         693  0.16883116883116883     
         696  0.25287356321839083     
         700  0.11571428571428571     
         702  0.17094017094017094     
         704  0.12357954545454546     
         708  0.37711864406779660     
         711  0.16877637130801687     
         712  0.25280898876404495     
         716  0.37709497206703912     
         720  0.10833333333333334     
         722  0.15235457063711910     
         724  0.37707182320441990     
         725  0.12413793103448276     
         726  0.11570247933884298     
         728  0.25274725274725274     
         729  0.10288065843621400     
         732  0.37704918032786883     
         735  0.10884353741496598     
         736  0.14538043478260870     
         738  0.17073170731707318     
         740  0.37702702702702701     
         744  0.25268817204301075     
         747  0.16867469879518071     
         748  0.37700534759358290     
         750  0.12800000000000000     
         752  0.19015957446808510     
         756  0.14417989417989419     
         760  0.25263157894736843     
         764  0.37696335078534032     
         765  0.16862745098039217     
         768  0.10937500000000000     
         772  0.37694300518134716     
         774  0.17054263565891473     
         775  0.12387096774193548     
         776  0.25257731958762886     
         780  0.37692307692307692     
         783  0.16858237547892721     
         784  0.10459183673469388     
         788  0.37690355329949238     
         792  0.11868686868686869     
         796  0.37688442211055279     
         800  0.10500000000000000     
         801  0.16853932584269662     
         804  0.37686567164179102     
         808  0.25247524752475248     
         810  0.11111111111111110     
         812  0.37684729064039407     
         816  0.18995098039215685     
         819  0.16849816849816851     
         820  0.37682926829268293     
         824  0.25242718446601942     
         825  0.12363636363636364     
         828  0.14371980676328502     
         832  0.12259615384615384     
         833  0.10804321728691477     
         836  0.37679425837320574     
         837  0.16845878136200718     
         840  0.25238095238095237     
         841  0.14268727705112960     
         844  0.37677725118483413     
         845   9.9408284023668636E-002
         846  0.17021276595744680     
         847   9.9173553719008267E-002
         848  0.18985849056603774     
         850  0.12705882352941175     
         852  0.37676056338028169     
         855  0.16842105263157894     
         856  0.25233644859813081     
         860  0.37674418604651161     
         864  0.10879629629629629     
         867  0.10380622837370242     
         868  0.37672811059907835     
         872  0.25229357798165136     
         873  0.16838487972508592     
         875  0.12342857142857143     
         876  0.37671232876712329     
         880  0.18977272727272726     
         882  0.11337868480725624     
         884  0.37669683257918551     
         888  0.25225225225225223     
         891  0.10101010101010101     
         892  0.37668161434977576     
         896  0.10714285714285714     
         900  0.11333333333333333     
         904  0.25221238938053098     
         908  0.37665198237885461     
         909  0.16831683168316833     
         912  0.18969298245614036     
         916  0.37663755458515286     
         918  0.16993464052287582     
         920  0.25217391304347825     
         924  0.37662337662337664     
         925  0.12324324324324325     
         927  0.16828478964401294     
         928  0.14439655172413793     
         931  0.10741138560687433     
         932  0.37660944206008584     
         936  0.11752136752136752     
         940  0.37659574468085105     
         944  0.18961864406779660     
         945  0.16825396825396827     
         948  0.37658227848101267     
         950  0.12631578947368421     
         952  0.25210084033613445     
         954  0.16981132075471697     
         956  0.37656903765690375     
         960  0.12187500000000000     
         961  0.14151925078043703     
         963  0.16822429906542055     
         964  0.37655601659751037     
         968  0.10227272727272728     
         972  0.10288065843621400     
         975  0.12307692307692308     
         976  0.18954918032786885     
         980  0.10408163265306122     
         981  0.16819571865443425     
         984  0.25203252032520324     
         988  0.37651821862348178     
         990  0.16969696969696971     
         992  0.14415322580645162     
         996  0.37650602409638556     
         999  0.16816816816816818     
        1000  0.10199999999999999     
        1004  0.37649402390438247     
        1008  0.10515873015873016     
        1012  0.37648221343873517     
        1014  0.11045364891518737     
        1016  0.25196850393700787     
        1017  0.16814159292035399     
        1020  0.37647058823529411     
        1024  0.10253906250000000     
        1025  0.12292682926829268     
        1026  0.16959064327485379     
        1028  0.37645914396887159     
        1029  0.10689990281827016     
        1032  0.25193798449612403     
        1035  0.16811594202898550     
        1036  0.37644787644787647     
        1040  0.18942307692307692     
        1044  0.14272030651340997     
        1048  0.25190839694656486     
        1050  0.12571428571428572     
        1052  0.37642585551330798     
        1053   9.9715099715099717E-002
        1056  0.14393939393939395     
        1058  0.14744801512287334     
        1060  0.37641509433962267     
        1062  0.16949152542372881     
        1064  0.25187969924812031     
        1068  0.37640449438202245     
        1071  0.16806722689075632     
        1072  0.18936567164179105     
        1075  0.12279069767441861     
        1076  0.37639405204460968     
        1078  0.11131725417439703     
        1080  0.11666666666666667     
        1083  0.10156971375807941     
        1084  0.37638376383763839     
        1088  0.12132352941176471     
        1089   9.6418732782369149E-002
        1092  0.37637362637362637     
        1096  0.25182481751824820     
        1098  0.16939890710382513     
        1100  0.11181818181818182     
        1104  0.18931159420289856     
        1107  0.16802168021680217     
        1108  0.37635379061371843     
        1112  0.25179856115107913     
        1116  0.14247311827956990     
        1120  0.14374999999999999     
        1124  0.37633451957295372     
        1125   9.6000000000000002E-002
        1127  0.10647737355811890     
        1128  0.25177304964539005     
        1132  0.37632508833922262     
        1134  0.10582010582010581     
        1136  0.18926056338028169     
        1140  0.37631578947368421     
        1143  0.16797900262467191     
        1144  0.25174825174825177     
        1148  0.37630662020905925     
        1150  0.12521739130434784     
        1152  0.10503472222222222     
        1156  0.11678200692041522     
        1160  0.25172413793103449     
        1161  0.16795865633074936     
        1164  0.37628865979381443     
        1168  0.18921232876712329     
        1170  0.16923076923076924     
        1172  0.37627986348122866     
        1175  0.12255319148936170     
        1176  0.10034013605442177     
        1179  0.16793893129770993     
        1180  0.37627118644067797     
        1183   9.4674556213017749E-002
        1184  0.14358108108108109     
        1188  0.14225589225589225     
        1192  0.25167785234899331     
        1196  0.37625418060200672     
        1197  0.16791979949874686     
        1200  0.10000000000000001     
        1204  0.37624584717607973     
        1206  0.16915422885572140     
        1208  0.25165562913907286     
        1210  0.10413223140495868     
        1212  0.37623762376237624     
        1215   9.8765432098765427E-002
        1216  0.12088815789473684     
        1220  0.37622950819672130     
        1224  0.11601307189542484     
        1225  0.10612244897959183     
        1228  0.37622149837133551     
        1232  0.18912337662337661     
        1233  0.16788321167883211     
        1236  0.37621359223300971     
        1240  0.25161290322580643     
        1242  0.16908212560386474     
        1244  0.37620578778135050     
        1248  0.14342948717948717     
        1250  0.12479999999999999     
        1251  0.16786570743405277     
        1252  0.37619808306709263     
        1256  0.25159235668789809     
        1260  0.14206349206349206     
        1264  0.18908227848101267     
        1268  0.37618296529968454     
        1269  0.16784869976359337     
        1272  0.25157232704402516     
        1274  0.10989010989010989     
        1275  0.12235294117647059     
        1276  0.37617554858934171     
        1278  0.16901408450704225     
        1280   9.7656250000000000E-002
        1284  0.37616822429906543     
        1287  0.16783216783216784     
        1288  0.25155279503105588     
        1292  0.37616099071207432     
        1296  0.10339506172839506     
        1300  0.11076923076923077     
        1304  0.25153374233128833     
        1305  0.16781609195402300     
        1308  0.37614678899082571     
        1312  0.14329268292682926     
        1314  0.16894977168949771     
        1316  0.37613981762917931     
        1320  0.25151515151515152     
        1323   9.9773242630385492E-002
        1324  0.37613293051359514     
        1325  0.12226415094339622     
        1328  0.18900602409638553     
        1331   9.4665664913598804E-002
        1332  0.14189189189189189     
        1336  0.25149700598802394     
        1340  0.37611940298507462     
        1341  0.16778523489932887     
        1344  0.12053571428571429     
        1348  0.37611275964391694     
        1350  0.10666666666666667     
        1352   9.8372781065088760E-002
        1356  0.37610619469026546     
        1359  0.16777041942604856     
        1360  0.18897058823529411     
        1364  0.37609970674486803     
        1368  0.11549707602339181     
        1369  0.13878743608473337     
        1372  0.10058309037900874     
        1375  0.12218181818181818     
        1376  0.14316860465116280     
        1377   9.8039215686274508E-002
        1380  0.37608695652173912     
        1384  0.25144508670520233     
        1386  0.16883116883116883     
        1388  0.37608069164265129     
        1392  0.18893678160919541     
        1395  0.16774193548387098     
        1396  0.37607449856733527     
        1400   9.8571428571428574E-002
        1404  0.14173789173789172     
        1408  0.10369318181818182     
        1412  0.37606232294617564     
        1413  0.16772823779193205     
        1416  0.25141242937853109     
        1420  0.37605633802816901     
        1421  0.10555946516537650     
        1422  0.16877637130801687     
        1424  0.18890449438202248     
        1425  0.12210526315789473     
        1428  0.37605042016806722     
        1431  0.16771488469601678     
        1432  0.25139664804469275     
        1436  0.37604456824512533     
        1440   9.5833333333333340E-002
        1444  0.11426592797783934     
        1445   9.3425605536332182E-002
        1448  0.25138121546961328     
        1449  0.16770186335403728     
        1450  0.12413793103448276     
        1452   9.7107438016528921E-002
        1456  0.18887362637362637     
        1458  0.10288065843621400     
        1460  0.37602739726027395     
        1464  0.25136612021857924     
        1467  0.16768916155419222     
        1468  0.37602179836512262     
        1470  0.10884353741496598     
        1472  0.12024456521739131     
        1475  0.12203389830508475     
        1476  0.14159891598915988     
        1480  0.25135135135135134     
        1484  0.37601078167115903     
        1485  0.16767676767676767     
        1488  0.18884408602150538     
        1492  0.37600536193029488     
        1494  0.16867469879518071     
        1496  0.25133689839572193     
        1500  0.11000000000000000     
        1503  0.16766467065868262     
        1504  0.14295212765957446     
        1508  0.37599469496021221     
        1512  0.11507936507936507     
        1516  0.37598944591029021     
        1519  0.10533245556287031     
        1520  0.18881578947368421     
        1521   9.2044707429322817E-002
        1524  0.37598425196850394     
        1525  0.12196721311475410     
        1528  0.25130890052356020     
        1530  0.16862745098039217     
        1532  0.37597911227154046     
        1536   9.7656250000000000E-002
        1539   9.7465886939571145E-002
        1540  0.37597402597402596     
        1544  0.25129533678756477     
        1548  0.14147286821705427     
        1550  0.12387096774193548     
        1552  0.18878865979381443     
        1556  0.37596401028277637     
        1557  0.16763005780346821     
        1560  0.25128205128205128     
        1564  0.37595907928388744     
        1566  0.16858237547892721     
        1568   9.4387755102040810E-002
        1572  0.37595419847328243     
        1573   9.3452002542911639E-002
        1575   9.1428571428571428E-002
        1576  0.25126903553299490     
        1580  0.37594936708860760     
        1584  0.10227272727272728     
        1587   9.8298676748582225E-002
        1588  0.37594458438287154     
        1592  0.25125628140703515     
        1593  0.16760828625235405     
        1596  0.37593984962406013     
        1600   9.5625000000000002E-002
        1602  0.16853932584269662     
        1604  0.37593516209476308     
        1608  0.25124378109452739     
        1611  0.16759776536312848     
        1612  0.37593052109181141     
        1616  0.18873762376237624     
        1617  0.10513296227581942     
        1620   9.5679012345679007E-002
        1624  0.25123152709359609     
        1625  0.12184615384615384     
        1628  0.37592137592137592     
        1629  0.16758747697974216     
        1632  0.14276960784313725     
        1636  0.37591687041564792     
        1638  0.16849816849816851     
        1640  0.25121951219512195     
        1644  0.37591240875912407     
        1647  0.16757741347905283     
        1648  0.18871359223300971     
        1650  0.12363636363636364     
        1652  0.37590799031476996     
        1656  0.11473429951690821     
        1660  0.37590361445783133     
        1664  0.10276442307692307     
        1665  0.16756756756756758     
        1666  0.10804321728691477     
        1668  0.37589928057553956     
        1672  0.25119617224880381     
        1674  0.16845878136200718     
        1675  0.12179104477611941     
        1676  0.37589498806682575     
        1680  0.18869047619047619     
        1681  0.13741820345032718     
        1682  0.14268727705112960     
        1683  0.16755793226381463     
        1684  0.37589073634204273     
        1688  0.25118483412322273     
        1690   9.9408284023668636E-002
        1692  0.14125295508274233     
        1694   9.9173553719008267E-002
        1696  0.14268867924528303     
        1700  0.10941176470588235     
        1701   9.7001763668430330E-002
        1704  0.25117370892018781     
        1708  0.37587822014051520     
        1710  0.16842105263157894     
        1712  0.18866822429906541     
        1715  0.10495626822157435     
        1716  0.37587412587412589     
        1719  0.16753926701570682     
        1720  0.25116279069767444     
        1724  0.37587006960556846     
        1725  0.12173913043478261     
        1728   9.4328703703703706E-002
        1732  0.37586605080831409     
        1734  0.10380622837370242     
        1736  0.25115207373271892     
        1737  0.16753022452504318     
        1740  0.37586206896551722     
        1744  0.18864678899082568     
        1746  0.16838487972508592     
        1748  0.37585812356979403     
        1750  0.12342857142857143     
        1752  0.25114155251141551     
        1755  0.16752136752136751     
        1756  0.37585421412300685     
        1760  0.14261363636363636     
        1764   9.8639455782312924E-002
        1768  0.25113122171945701     
        1772  0.37584650112866819     
        1773  0.16751269035532995     
        1775  0.12169014084507042     
        1776  0.18862612612612611     
        1780  0.37584269662921349     
        1782  0.10101010101010101     
        1784  0.25112107623318386     
        1788  0.37583892617449666     
        1791  0.16750418760469013     
        1792   9.4866071428571425E-002
        1796  0.37583518930957682     
        1800   9.6666666666666665E-002
        1804  0.37583148558758317     
        1805   9.1412742382271470E-002
        1808  0.18860619469026549     
        1809  0.16749585406301823     
        1812  0.37582781456953640     
        1813  0.10479867622724766     
        1815   9.2561983471074374E-002
        1816  0.25110132158590309     
        1818  0.16831683168316833     
        1820  0.37582417582417582     
        1824  0.14254385964912281     
        1825  0.12164383561643835     
        1827  0.16748768472906403     
        1828  0.37582056892778992     
        1832  0.25109170305676853     
        1836  0.14106753812636166     
        1840  0.18858695652173912     
        1844  0.37581344902386116     
        1845  0.16747967479674797     
        1848  0.25108225108225107     
        1849  0.13683071930773391     
        1850  0.12324324324324325     
        1852  0.37580993520518358     
        1854  0.16828478964401294     
        1856  0.11961206896551724     
        1859   9.0371167294244215E-002
        1860  0.37580645161290321     
        1862  0.10741138560687433     
        1863   9.6618357487922704E-002
        1864  0.25107296137339058     
        1868  0.37580299785867238     
        1872  0.10149572649572650     
        1875   9.7066666666666662E-002
        1876  0.37579957356076760     
        1880  0.25106382978723402     
        1881  0.16746411483253590     
        1884  0.37579617834394907     
        1888  0.14247881355932204     
        1890  0.16825396825396827     
        1892  0.37579281183932345     
        1896  0.25105485232067509     
        1899  0.16745655608214849     
        1900  0.10894736842105263     
        1904  0.18855042016806722     
        1908  0.14098532494758909     
        1911  0.10465724751439037     
        1912  0.25104602510460250     
        1916  0.37578288100208768     
        1917  0.16744913928012520     
        1920  0.10208333333333333     
        1922  0.14151925078043703     
        1924  0.37577962577962576     
        1925  0.12155844155844156     
        1926  0.16822429906542055     
        1928  0.25103734439834025     
        1932  0.37577639751552794     
        1935  0.16744186046511628     
        1936   9.1425619834710745E-002
        1940  0.37577319587628866     
        1944   9.2592592592592587E-002
        1948  0.37577002053388092     
        1950  0.12307692307692308     
        1952  0.14241803278688525     
        1953  0.16743471582181260     
        1956  0.37576687116564417     
        1960   9.1836734693877556E-002
        1962  0.16819571865443425     
        1964  0.37576374745417518     
        1968  0.18851626016260162     
        1971  0.16742770167427701     
        1972  0.37576064908722112     
        1975  0.12151898734177215     
        1976  0.25101214574898784     
        1980  0.14090909090909090     
        1984  0.11945564516129033     
        1988  0.37575452716297786     
        1989  0.16742081447963800     
        1992  0.25100401606425704     
        1996  0.37575150300601201     
        1998  0.16816816816816818     
        2000   9.1499999999999998E-002
        2004  0.37574850299401197     
        2007  0.16741405082212257     
        2008  0.25099601593625498     
        2009  0.10452961672473868     
        2012  0.37574552683896623     
        2016   9.2757936507936511E-002
        2020  0.37574257425742574     
        2023   8.8976767177459212E-002
        2024  0.25098814229249011     
        2025   8.8888888888888892E-002
        2028   9.3195266272189353E-002
        2032  0.18848425196850394     
        2034  0.16814159292035399     
        2036  0.37573673870333990     
        2040  0.25098039215686274     
        2043  0.16740088105726872     
        2044  0.37573385518590996     
        2048   9.5214843750000000E-002
        2050  0.12292682926829268     
        2052  0.14083820662768032     
        2056  0.25097276264591439     
        2057   9.1881380651434127E-002
        2058  0.10689990281827016     
        2060  0.37572815533980580     
        2061  0.16739446870451238     
        2064  0.18846899224806202     
        2068  0.37572533849129591     
        2070  0.16811594202898550     
        2072  0.25096525096525096     
        2075  0.12144578313253013     
        2076  0.37572254335260113     
        2079  0.16738816738816739     
        2080  0.14230769230769230     
        2084  0.37571976967370441     
        2088  0.11398467432950192     
        2092  0.37571701720841300     
        2096  0.18845419847328243     
        2097  0.16738197424892703     
        2100  0.10857142857142857     
        2104  0.25095057034220530     
        2106   9.9715099715099717E-002
        2107  0.10441385856668249     
        2108  0.37571157495256169     
        2112  0.11931818181818182     
        2115  0.16737588652482269     
        2116  0.11058601134215501     
        2120  0.25094339622641509     
        2124  0.14077212806026365     
        2125  0.12141176470588236     
        2128  0.18843984962406016     
        2132  0.37570356472795496     
        2133  0.16736990154711673     
        2136  0.25093632958801498     
        2140  0.37570093457943926     
        2142  0.16806722689075632     
        2144  0.14225746268656717     
        2148  0.37569832402234637     
        2150  0.12279069767441861     
        2151  0.16736401673640167     
        2152  0.25092936802973975     
        2156   9.7402597402597407E-002
        2160  0.10092592592592593     
        2164  0.37569316081330867     
        2166  0.10156971375807941     
        2168  0.25092250922509224     
        2169  0.16735822959889349     
        2172  0.37569060773480661     
        2175  0.12137931034482759     
        2176  0.10156250000000000     
        2178   9.6418732782369149E-002
        2180  0.37568807339449539     
        2184  0.25091575091575091     
        2187   9.6021947873799723E-002
        2188  0.37568555758683730     
        2192  0.18841240875912410     
        2196  0.14071038251366119     
        2197   8.9212562585343644E-002
        2200   9.5454545454545459E-002
        2204  0.37568058076225047     
        2205   8.9795918367346933E-002
        2208  0.14221014492753623     
        2209  0.13580805794477138     
        2212  0.37567811934900541     
        2214  0.16802168021680217     
        2216  0.25090252707581229     
        2220  0.37567567567567567     
        2223  0.16734143049932523     
        2224  0.18839928057553956     
        2225  0.12134831460674157     
        2228  0.37567324955116699     
        2232  0.11379928315412187     
        2236  0.37567084078711988     
        2240  0.11919642857142858     
        2241  0.16733601070950468     
        2244  0.37566844919786097     
        2248  0.25088967971530252     
        2250   9.6000000000000002E-002
        2252  0.37566607460035523     
        2254  0.10647737355811890     
        2256  0.18838652482269502     
        2259  0.16733067729083664     
        2260  0.37566371681415928     
        2264  0.25088339222614842     
        2268   9.2592592592592587E-002
        2272  0.14216549295774647     
        2275  0.12131868131868132     
        2276  0.37565905096660807     
        2277  0.16732542819499341     
        2280  0.25087719298245614     
        2284  0.37565674255691767     
        2286  0.16797900262467191     
        2288  0.18837412587412589     
        2292  0.37565445026178013     
        2295  0.16732026143790849     
        2296  0.25087108013937282     
        2299   9.1344062635928661E-002
        2300  0.10826086956521740     
        2303  0.10421189752496743     
        2304   9.2013888888888895E-002
        2308  0.37564991334488734     
        2312   9.3425605536332182E-002
        2313  0.16731517509727625     
        2316  0.37564766839378239     
        2320  0.18836206896551724     
        2322  0.16795865633074936     
        2324  0.37564543889845092     
        2325  0.12129032258064516     
        2328  0.25085910652920962     
        2331  0.16731016731016732     
        2332  0.37564322469982847     
        2336  0.14212328767123289     
        2340  0.14059829059829060     
        2344  0.25085324232081913     
        2348  0.37563884156729133     
        2349   9.5785440613026823E-002
        2350  0.12255319148936170     
        2352   9.0136054421768710E-002
        2356  0.37563667232597625     
        2358  0.16793893129770993     
        2360  0.25084745762711863     
        2364  0.37563451776649748     
        2366   9.4674556213017749E-002
        2367  0.16730038022813687     
        2368  0.11908783783783784     
        2372  0.37563237774030356     
        2375  0.12126315789473684     
        2376  0.11363636363636363     
        2380  0.37563025210084033     
        2384  0.18833892617449666     
        2385  0.16729559748427672     
        2388  0.37562814070351758     
        2392  0.25083612040133779     
        2394  0.16791979949874686     
        2396  0.37562604340567612     
        2400   9.1249999999999998E-002
        2401  0.10412328196584757     
        2403  0.16729088639200998     
        2404  0.37562396006655574     
        2408  0.25083056478405313     
        2412  0.14054726368159204     
        2416  0.18832781456953643     
        2420   9.0495867768595042E-002
        2421  0.16728624535315986     
        2424  0.25082508250825081     
        2425  0.12123711340206185     
        2428  0.37561779242174631     
        2430   9.8765432098765427E-002
        2432  0.10115131578947369     
        2436  0.37561576354679804     
        2439  0.16728167281672818     
        2440  0.25081967213114753     
        2444  0.37561374795417346     
        2448  0.10049019607843138     
        2450  0.10612244897959183     
        2452  0.37561174551386622     
        2456  0.25081433224755700     
        2457  0.16727716727716727     
        2460  0.37560975609756098     
        2464  0.14204545454545456     
        2466  0.16788321167883211     
        2468  0.37560777957860614     
        2472  0.25080906148867316     
        2475   8.7272727272727280E-002
        2476  0.37560581583198710     
        2480  0.18830645161290321     
        2484  0.14049919484702095     
        2488  0.25080385852090031     
        2492  0.37560192616372390     
        2493  0.16726835138387486     
        2496  0.11899038461538461     
        2499  0.10404161664665866     
        2500  0.10800000000000000     
