8
14
18
18
18
18
18
27
27
27
27
39
39
39
39
51
51
48
48
48
48
48
52
63
63
63
64
64
64
64
75
80
80
80
80
80
80
80
80
80
96
96
96
96
100
100
100
100
100
100
100
108
120
120
124
124
124
124
125
125
125
125
125
125
125
144
144
144
144
144
144
144
144
150
150
150
150
150
150
150
150
172
172
172
172
172
172
172
172
172
27
48
64
80
100
120
125
144
172
196
216
216
245
252
285
294
294
308
343
365
365
392
392
405
438
448
448
486
500
512
546
546
567
576
576
600
640
640
648
666
700
700
726
726
729
777
777
810
810
819
847
847
888
900
900
931
942
968
968
968
1000
1000
1092
1064
1064
1089
1089
1100
1110
1152
1152
1152
1197
1200
1210
1221
1256
1256
1281
1296
1296
1331
1331
1352
1372
1400
1413
1413
1440
1440
172
320
490
630
774
900
1100
1183
1330
1584
1728
1859
2016
2156
2299
2410
2548
2704
2940
3072
3240
3332
3468
3600
3757
3888
4060
4275
4459
4536
4693
4864
4953
5120
5202
5404
5600
5733
5894
6000
6156
6292
6400
6591
6720
6945
7056
7220
7392
7452
7600
7744
7871
7999
8303
8400
8610
8712
8797
9144
9140
9196
9375
9600
9680
9842
10000
10104
10217
10368
10507
10584
10968
11025
11132
11250
11616
11520
11638
11880
11951
12167
12393
12540
12584
12696
12844
13008
13122
13225
