27
27
45
63
63
75
75
99
108
125
125
147
147
171
175
175
189
192
225
225
245
245
252
275
275
297
297
325
343
343
343
363
375
375
396
405
425
441
441
441
468
475
475
500
500
525
539
539
540
567
567
576
588
605
625
637
637
648
650
675
675
700
700
729
729
735
756
756
784
784
784
810
833
833
847
847
867
882
891
891
891
931
931
931
960
972
975
975
980
1008
117
200
320
405
500
605
700
810
900
1100
1215
1323
1421
1521
1617
1701
1815
1911
2112
2205
2304
2420
2511
2601
2700
2816
2916
3100
3211
3312
3402
3509
3600
3724
3807
3900
4116
4212
4300
4400
4508
4617
4719
4805
4913
5103
5200
5324
5415
5508
5616
5700
5819
5915
6100
6200
6300
6400
6500
6615
6720
6800
6900
7104
7220
7300
7424
7500
7600
7700
7803
7920
8100
8208
8303
8400
8505
8619
8700
8820
8900
9114
9200
9300
9408
9522
9604
9702
9801
9900
1008
2023
3024
4000
5022
6000
7018
8019
9024
11008
12000
13005
14000
15004
16000
17010
18000
19008
21000
22021
23004
24000
25012
26011
27000
28000
29008
31017
32000
33024
34020
35017
36015
37004
38000
39015
41013
42000
43011
44000
45012
46023
47000
48013
49005
51000
52020
53016
54000
55000
56000
57024
58016
59000
61017
62000
63000
64009
65000
66000
67008
68000
69012
71001
72000
73008
74008
75020
76000
77000
78003
79007
81000
82000
83006
84000
85000
86016
87024
88000
89012
91008
92016
93000
94000
95000
96000
97020
98000
99000
