           2   1.0000000000000000     
           3  0.66666666666666663     
           4  0.75000000000000000     
           5  0.59999999999999998     
           6  0.66666666666666663     
           7  0.57142857142857140     
           8  0.62500000000000000     
           9  0.66666666666666663     
          10  0.59999999999999998     
          11   1.0000000000000000     
          12  0.58333333333333337     
          13   1.0000000000000000     
          14  0.57142857142857140     
          15  0.59999999999999998     
          16  0.62500000000000000     
          17   1.0000000000000000     
          18  0.66666666666666663     
          19   1.0000000000000000     
          20  0.59999999999999998     
          21  0.57142857142857140     
          22  0.54545454545454541     
          23   1.0000000000000000     
          24  0.58333333333333337     
          25  0.59999999999999998     
          26  0.53846153846153844     
          27  0.66666666666666663     
          28  0.57142857142857140     
          29   1.0000000000000000     
          30  0.59999999999999998     
          31   1.0000000000000000     
          32  0.56250000000000000     
          33  0.66666666666666663     
          34   1.0000000000000000     
          35  0.59999999999999998     
          36  0.58333333333333337     
          37   1.0000000000000000     
          38   1.0000000000000000     
          39  0.66666666666666663     
          40  0.59999999999999998     
          41   1.0000000000000000     
          42  0.57142857142857140     
          43   1.0000000000000000     
          44  0.54545454545454541     
          45  0.59999999999999998     
          46   1.0000000000000000     
          47   1.0000000000000000     
          48  0.56250000000000000     
          49  0.57142857142857140     
          50  0.59999999999999998     
          51  0.66666666666666663     
          52  0.53846153846153844     
          53   1.0000000000000000     
          54  0.55555555555555558     
          55  0.59999999999999998     
          56  0.57142857142857140     
          57  0.66666666666666663     
          58   1.0000000000000000     
          59   1.0000000000000000     
          60  0.58333333333333337     
          61   1.0000000000000000     
          62   1.0000000000000000     
          63  0.55555555555555558     
          64  0.56250000000000000     
          65  0.59999999999999998     
          66  0.54545454545454541     
          67   1.0000000000000000     
          68  0.75000000000000000     
          69  0.66666666666666663     
          70  0.57142857142857140     
          71   1.0000000000000000     
          72  0.58333333333333337     
          73   1.0000000000000000     
          74   1.0000000000000000     
          75  0.59999999999999998     
          76  0.75000000000000000     
          77  0.57142857142857140     
          78  0.53846153846153844     
          79   1.0000000000000000     
          80  0.55000000000000004     
          81  0.55555555555555558     
          82   1.0000000000000000     
          83   1.0000000000000000     
          84  0.57142857142857140     
          85  0.59999999999999998     
          86   1.0000000000000000     
          87  0.66666666666666663     
          88  0.54545454545454541     
          89   1.0000000000000000     
          90  0.55555555555555558     
          91  0.57142857142857140     
          92  0.75000000000000000     
          93  0.66666666666666663     
          94   1.0000000000000000     
          95  0.59999999999999998     
          96  0.56250000000000000     
          97   1.0000000000000000     
          98  0.57142857142857140     
          99  0.55555555555555558     
         100  0.55000000000000004     
         101   1.0000000000000000     
         102  0.66666666666666663     
         103   1.0000000000000000     
         104  0.53846153846153844     
         105  0.57142857142857140     
         106   1.0000000000000000     
         107   1.0000000000000000     
         108  0.55555555555555558     
         109   1.0000000000000000     
         110  0.54545454545454541     
         111  0.66666666666666663     
         112  0.56250000000000000     
         113   1.0000000000000000     
         114  0.66666666666666663     
         115  0.59999999999999998     
         116  0.75000000000000000     
         117  0.55555555555555558     
         118   1.0000000000000000     
         119  0.57142857142857140     
         120  0.55000000000000004     
         121  0.54545454545454541     
         122   1.0000000000000000     
         123  0.66666666666666663     
         124  0.75000000000000000     
         125  0.59999999999999998     
         126  0.57142857142857140     
         127   1.0000000000000000     
         128  0.56250000000000000     
         129  0.66666666666666663     
         130  0.53846153846153844     
         131   1.0000000000000000     
         132  0.54545454545454541     
         133  0.57142857142857140     
         134   1.0000000000000000     
         135  0.55555555555555558     
         136  0.62500000000000000     
         137   1.0000000000000000     
         138  0.66666666666666663     
         139   1.0000000000000000     
         140  0.55000000000000004     
         141  0.66666666666666663     
         142   1.0000000000000000     
         143  0.54545454545454541     
         144  0.55555555555555558     
         145  0.59999999999999998     
         146   1.0000000000000000     
         147  0.57142857142857140     
         148  0.75000000000000000     
         149   1.0000000000000000     
         150  0.59999999999999998     
         151   1.0000000000000000     
         152  0.62500000000000000     
         153  0.55555555555555558     
         154  0.57142857142857140     
         155  0.59999999999999998     
         156  0.53846153846153844     
         157   1.0000000000000000     
         158   1.0000000000000000     
         159  0.66666666666666663     
         160  0.55000000000000004     
         161  0.57142857142857140     
         162  0.55555555555555558     
         163   1.0000000000000000     
         164  0.75000000000000000     
         165  0.54545454545454541     
         166   1.0000000000000000     
         167   1.0000000000000000     
         168  0.54166666666666663     
         169  0.53846153846153844     
         170  0.59999999999999998     
         171  0.55555555555555558     
         172  0.75000000000000000     
         173   1.0000000000000000     
         174  0.66666666666666663     
         175  0.57142857142857140     
         176  0.54545454545454541     
         177  0.66666666666666663     
         178   1.0000000000000000     
         179   1.0000000000000000     
         180  0.55000000000000004     
         181   1.0000000000000000     
         182  0.53846153846153844     
         183  0.66666666666666663     
         184  0.62500000000000000     
         185  0.59999999999999998     
         186  0.66666666666666663     
         187  0.54545454545454541     
         188  0.75000000000000000     
         189  0.55555555555555558     
         190  0.59999999999999998     
         191   1.0000000000000000     
         192  0.56250000000000000     
         193   1.0000000000000000     
         194   1.0000000000000000     
         195  0.53846153846153844     
         196  0.57142857142857140     
         197   1.0000000000000000     
         198  0.54545454545454541     
         199   1.0000000000000000     
         200  0.55000000000000004     
         201  0.66666666666666663     
         202   1.0000000000000000     
         203  0.57142857142857140     
         204  0.58333333333333337     
         205  0.59999999999999998     
         206   1.0000000000000000     
         207  0.55555555555555558     
         208  0.53846153846153844     
         209  0.54545454545454541     
         210  0.57142857142857140     
         211   1.0000000000000000     
         212  0.75000000000000000     
         213  0.66666666666666663     
         214   1.0000000000000000     
         215  0.59999999999999998     
         216  0.54166666666666663     
         217  0.57142857142857140     
         218   1.0000000000000000     
         219  0.66666666666666663     
         220  0.54545454545454541     
         221  0.53846153846153844     
         222  0.66666666666666663     
         223   1.0000000000000000     
         224  0.56250000000000000     
         225  0.55555555555555558     
         226   1.0000000000000000     
         227   1.0000000000000000     
         228  0.58333333333333337     
         229   1.0000000000000000     
         230  0.59999999999999998     
         231  0.54545454545454541     
         232  0.62500000000000000     
         233   1.0000000000000000     
         234  0.55555555555555558     
         235  0.59999999999999998     
         236  0.75000000000000000     
         237  0.66666666666666663     
         238  0.57142857142857140     
         239   1.0000000000000000     
         240  0.55000000000000004     
         241   1.0000000000000000     
         242  0.54545454545454541     
         243  0.55555555555555558     
         244  0.75000000000000000     
         245  0.57142857142857140     
         246  0.66666666666666663     
         247  0.53846153846153844     
         248  0.62500000000000000     
         249  0.66666666666666663     
         250  0.59999999999999998     
         251   1.0000000000000000     
         252  0.53571428571428570     
         253  0.54545454545454541     
         254   1.0000000000000000     
         255  0.53333333333333333     
         256  0.56250000000000000     
         257   1.0000000000000000     
         258  0.66666666666666663     
         259  0.57142857142857140     
         260  0.53846153846153844     
         261  0.55555555555555558     
         262   1.0000000000000000     
         263   1.0000000000000000     
         264  0.54166666666666663     
         265  0.59999999999999998     
         266  0.57142857142857140     
         267  0.66666666666666663     
         268  0.75000000000000000     
         269   1.0000000000000000     
         270  0.55555555555555558     
         271   1.0000000000000000     
         272  0.56250000000000000     
         273  0.53846153846153844     
         274   1.0000000000000000     
         275  0.54545454545454541     
         276  0.58333333333333337     
         277   1.0000000000000000     
         278   1.0000000000000000     
         279  0.55555555555555558     
         280  0.53571428571428570     
         281   1.0000000000000000     
         282  0.66666666666666663     
         283   1.0000000000000000     
         284  0.75000000000000000     
         285  0.53333333333333333     
         286  0.53846153846153844     
         287  0.57142857142857140     
         288  0.54166666666666663     
         289  0.52941176470588236     
         290  0.59999999999999998     
         291  0.66666666666666663     
         292  0.75000000000000000     
         293   1.0000000000000000     
         294  0.57142857142857140     
         295  0.59999999999999998     
         296  0.62500000000000000     
         297  0.55555555555555558     
         298   1.0000000000000000     
         299  0.53846153846153844     
         300  0.55000000000000004     
         301  0.57142857142857140     
         302   1.0000000000000000     
         303  0.66666666666666663     
         304  0.56250000000000000     
         305  0.59999999999999998     
         306  0.55555555555555558     
         307   1.0000000000000000     
         308  0.53571428571428570     
         309  0.66666666666666663     
         310  0.59999999999999998     
         311   1.0000000000000000     
         312  0.53846153846153844     
         313   1.0000000000000000     
         314   1.0000000000000000     
         315  0.53333333333333333     
         316  0.75000000000000000     
         317   1.0000000000000000     
         318  0.66666666666666663     
         319  0.54545454545454541     
         320  0.55000000000000004     
         321  0.66666666666666663     
         322  0.57142857142857140     
         323  0.52941176470588236     
         324  0.55555555555555558     
         325  0.53846153846153844     
         326   1.0000000000000000     
         327  0.66666666666666663     
         328  0.62500000000000000     
         329  0.57142857142857140     
         330  0.53333333333333333     
         331   1.0000000000000000     
         332  0.75000000000000000     
         333  0.55555555555555558     
         334   1.0000000000000000     
         335  0.59999999999999998     
         336  0.53571428571428570     
         337   1.0000000000000000     
         338  0.53846153846153844     
         339  0.66666666666666663     
         340  0.55000000000000004     
         341  0.54545454545454541     
         342  0.55555555555555558     
         343  0.57142857142857140     
         344  0.62500000000000000     
         345  0.53333333333333333     
         346   1.0000000000000000     
         347   1.0000000000000000     
         348  0.58333333333333337     
         349   1.0000000000000000     
         350  0.57142857142857140     
         351  0.55555555555555558     
         352  0.53125000000000000     
         353   1.0000000000000000     
         354  0.66666666666666663     
         355  0.59999999999999998     
         356  0.75000000000000000     
         357  0.52941176470588236     
         358   1.0000000000000000     
         359   1.0000000000000000     
         360  0.54166666666666663     
         361  0.52631578947368418     
         362   1.0000000000000000     
         363  0.54545454545454541     
         364  0.53571428571428570     
         365  0.59999999999999998     
         366  0.66666666666666663     
         367   1.0000000000000000     
         368  0.56250000000000000     
         369  0.55555555555555558     
         370  0.59999999999999998     
         371  0.57142857142857140     
         372  0.58333333333333337     
         373   1.0000000000000000     
         374  0.54545454545454541     
         375  0.53333333333333333     
         376  0.62500000000000000     
         377  0.53846153846153844     
         378  0.55555555555555558     
         379   1.0000000000000000     
         380  0.55000000000000004     
         381  0.66666666666666663     
         382   1.0000000000000000     
         383   1.0000000000000000     
         384  0.53125000000000000     
         385  0.54545454545454541     
         386   1.0000000000000000     
         387  0.55555555555555558     
         388  0.75000000000000000     
         389   1.0000000000000000     
         390  0.53333333333333333     
         391  0.52941176470588236     
         392  0.53571428571428570     
         393  0.66666666666666663     
         394   1.0000000000000000     
         395  0.59999999999999998     
         396  0.54545454545454541     
         397   1.0000000000000000     
         398   1.0000000000000000     
         399  0.52631578947368418     
         400  0.55000000000000004     
         401   1.0000000000000000     
         402  0.66666666666666663     
         403  0.53846153846153844     
         404  0.75000000000000000     
         405  0.55555555555555558     
         406  0.57142857142857140     
         407  0.54545454545454541     
         408  0.54166666666666663     
         409   1.0000000000000000     
         410  0.59999999999999998     
         411  0.66666666666666663     
         412  0.75000000000000000     
         413  0.57142857142857140     
         414  0.55555555555555558     
         415  0.59999999999999998     
         416  0.53125000000000000     
         417  0.66666666666666663     
         418  0.54545454545454541     
         419   1.0000000000000000     
         420  0.53571428571428570     
         421   1.0000000000000000     
         422   1.0000000000000000     
         423  0.55555555555555558     
         424  0.62500000000000000     
         425  0.52941176470588236     
         426  0.66666666666666663     
         427  0.57142857142857140     
         428  0.75000000000000000     
         429  0.53846153846153844     
         430  0.59999999999999998     
         431   1.0000000000000000     
         432  0.54166666666666663     
         433   1.0000000000000000     
         434  0.57142857142857140     
         435  0.53333333333333333     
         436  0.75000000000000000     
         437  0.52631578947368418     
         438  0.66666666666666663     
         439   1.0000000000000000     
         440  0.54545454545454541     
         441  0.55555555555555558     
         442  0.52941176470588236     
         443   1.0000000000000000     
         444  0.58333333333333337     
         445  0.59999999999999998     
         446   1.0000000000000000     
         447  0.66666666666666663     
         448  0.53125000000000000     
         449   1.0000000000000000     
         450  0.53333333333333333     
         451  0.54545454545454541     
         452  0.75000000000000000     
         453  0.66666666666666663     
         454   1.0000000000000000     
         455  0.53846153846153844     
         456  0.54166666666666663     
         457   1.0000000000000000     
         458   1.0000000000000000     
         459  0.52941176470588236     
         460  0.55000000000000004     
         461   1.0000000000000000     
         462  0.54545454545454541     
         463   1.0000000000000000     
         464  0.56250000000000000     
         465  0.53333333333333333     
         466   1.0000000000000000     
         467   1.0000000000000000     
         468  0.53846153846153844     
         469  0.57142857142857140     
         470  0.59999999999999998     
         471  0.66666666666666663     
         472  0.62500000000000000     
         473  0.54545454545454541     
         474  0.66666666666666663     
         475  0.52631578947368418     
         476  0.53571428571428570     
         477  0.55555555555555558     
         478   1.0000000000000000     
         479   1.0000000000000000     
         480  0.53125000000000000     
         481  0.53846153846153844     
         482   1.0000000000000000     
         483  0.57142857142857140     
         484  0.54545454545454541     
         485  0.59999999999999998     
         486  0.55555555555555558     
         487   1.0000000000000000     
         488  0.62500000000000000     
         489  0.66666666666666663     
         490  0.57142857142857140     
         491   1.0000000000000000     
         492  0.58333333333333337     
         493  0.52941176470588236     
         494  0.53846153846153844     
         495  0.53333333333333333     
         496  0.56250000000000000     
         497  0.57142857142857140     
         498  0.66666666666666663     
         499   1.0000000000000000     
         500  0.55000000000000004     
         501  0.66666666666666663     
         502   1.0000000000000000     
         503   1.0000000000000000     
         504  0.53571428571428570     
         505  0.59999999999999998     
         506  0.54545454545454541     
         507  0.53846153846153844     
         508  0.75000000000000000     
         509   1.0000000000000000     
         510  0.52941176470588236     
         511  0.57142857142857140     
         512  0.53125000000000000     
         513  0.52631578947368418     
         514   1.0000000000000000     
         515  0.59999999999999998     
         516  0.58333333333333337     
         517  0.54545454545454541     
         518  0.57142857142857140     
         519  0.66666666666666663     
         520  0.53846153846153844     
         521   1.0000000000000000     
         522  0.55555555555555558     
         523   1.0000000000000000     
         524  0.75000000000000000     
         525  0.53333333333333333     
         526   1.0000000000000000     
         527  0.52941176470588236     
         528  0.54166666666666663     
         529  0.52173913043478259     
         530  0.59999999999999998     
         531  0.55555555555555558     
         532  0.53571428571428570     
         533  0.53846153846153844     
         534  0.66666666666666663     
         535  0.59999999999999998     
         536  0.62500000000000000     
         537  0.66666666666666663     
         538   1.0000000000000000     
         539  0.54545454545454541     
         540  0.52777777777777779     
         541   1.0000000000000000     
         542   1.0000000000000000     
         543  0.66666666666666663     
         544  0.53125000000000000     
         545  0.59999999999999998     
         546  0.53846153846153844     
         547   1.0000000000000000     
         548  0.75000000000000000     
         549  0.55555555555555558     
         550  0.54545454545454541     
         551  0.52631578947368418     
         552  0.54166666666666663     
         553  0.57142857142857140     
         554   1.0000000000000000     
         555  0.53333333333333333     
         556  0.75000000000000000     
         557   1.0000000000000000     
         558  0.55555555555555558     
         559  0.53846153846153844     
         560  0.53571428571428570     
         561  0.52941176470588236     
         562   1.0000000000000000     
         563   1.0000000000000000     
         564  0.58333333333333337     
         565  0.59999999999999998     
         566   1.0000000000000000     
         567  0.55555555555555558     
         568  0.62500000000000000     
         569   1.0000000000000000     
         570  0.53333333333333333     
         571   1.0000000000000000     
         572  0.53846153846153844     
         573  0.66666666666666663     
         574  0.57142857142857140     
         575  0.52173913043478259     
         576  0.52777777777777779     
         577   1.0000000000000000     
         578  0.52941176470588236     
         579  0.66666666666666663     
         580  0.55000000000000004     
         581  0.57142857142857140     
         582  0.66666666666666663     
         583  0.54545454545454541     
         584  0.62500000000000000     
         585  0.53846153846153844     
         586   1.0000000000000000     
         587   1.0000000000000000     
         588  0.53571428571428570     
         589  0.52631578947368418     
         590  0.59999999999999998     
         591  0.66666666666666663     
         592  0.56250000000000000     
         593   1.0000000000000000     
         594  0.54545454545454541     
         595  0.52941176470588236     
         596  0.75000000000000000     
         597  0.66666666666666663     
         598  0.53846153846153844     
         599   1.0000000000000000     
         600  0.53333333333333333     
         601   1.0000000000000000     
         602  0.57142857142857140     
         603  0.55555555555555558     
         604  0.75000000000000000     
         605  0.54545454545454541     
         606  0.66666666666666663     
         607   1.0000000000000000     
         608  0.53125000000000000     
         609  0.52380952380952384     
         610  0.59999999999999998     
         611  0.53846153846153844     
         612  0.52777777777777779     
         613   1.0000000000000000     
         614   1.0000000000000000     
         615  0.53333333333333333     
         616  0.53571428571428570     
         617   1.0000000000000000     
         618  0.66666666666666663     
         619   1.0000000000000000     
         620  0.55000000000000004     
         621  0.55555555555555558     
         622   1.0000000000000000     
         623  0.57142857142857140     
         624  0.53846153846153844     
         625  0.52000000000000002     
         626   1.0000000000000000     
         627  0.52631578947368418     
         628  0.75000000000000000     
         629  0.52941176470588236     
         630  0.53333333333333333     
         631   1.0000000000000000     
         632  0.62500000000000000     
         633  0.66666666666666663     
         634   1.0000000000000000     
         635  0.59999999999999998     
         636  0.58333333333333337     
         637  0.53846153846153844     
         638  0.54545454545454541     
         639  0.55555555555555558     
         640  0.53125000000000000     
         641   1.0000000000000000     
         642  0.66666666666666663     
         643   1.0000000000000000     
         644  0.53571428571428570     
         645  0.53333333333333333     
         646  0.52941176470588236     
         647   1.0000000000000000     
         648  0.52777777777777779     
         649  0.54545454545454541     
         650  0.53846153846153844     
         651  0.52380952380952384     
         652  0.75000000000000000     
         653   1.0000000000000000     
         654  0.66666666666666663     
         655  0.59999999999999998     
         656  0.56250000000000000     
         657  0.55555555555555558     
         658  0.57142857142857140     
         659   1.0000000000000000     
         660  0.53333333333333333     
         661   1.0000000000000000     
         662   1.0000000000000000     
         663  0.52941176470588236     
         664  0.62500000000000000     
         665  0.52631578947368418     
         666  0.55555555555555558     
         667  0.52173913043478259     
         668  0.75000000000000000     
         669  0.66666666666666663     
         670  0.59999999999999998     
         671  0.54545454545454541     
         672  0.53571428571428570     
         673   1.0000000000000000     
         674   1.0000000000000000     
         675  0.53333333333333333     
         676  0.53846153846153844     
         677   1.0000000000000000     
         678  0.66666666666666663     
         679  0.57142857142857140     
         680  0.52941176470588236     
         681  0.66666666666666663     
         682  0.54545454545454541     
         683   1.0000000000000000     
         684  0.52631578947368418     
         685  0.59999999999999998     
         686  0.57142857142857140     
         687  0.66666666666666663     
         688  0.56250000000000000     
         689  0.53846153846153844     
         690  0.53333333333333333     
         691   1.0000000000000000     
         692  0.75000000000000000     
         693  0.54545454545454541     
         694   1.0000000000000000     
         695  0.59999999999999998     
         696  0.54166666666666663     
         697  0.52941176470588236     
         698   1.0000000000000000     
         699  0.66666666666666663     
         700  0.53571428571428570     
         701   1.0000000000000000     
         702  0.53846153846153844     
         703  0.52631578947368418     
         704  0.53125000000000000     
         705  0.53333333333333333     
         706   1.0000000000000000     
         707  0.57142857142857140     
         708  0.58333333333333337     
         709   1.0000000000000000     
         710  0.59999999999999998     
         711  0.55555555555555558     
         712  0.62500000000000000     
         713  0.52173913043478259     
         714  0.52941176470588236     
         715  0.53846153846153844     
         716  0.75000000000000000     
         717  0.66666666666666663     
         718   1.0000000000000000     
         719   1.0000000000000000     
         720  0.52777777777777779     
         721  0.57142857142857140     
         722  0.52631578947368418     
         723  0.66666666666666663     
         724  0.75000000000000000     
         725  0.52000000000000002     
         726  0.54545454545454541     
         727   1.0000000000000000     
         728  0.53571428571428570     
         729  0.55555555555555558     
         730  0.59999999999999998     
         731  0.52941176470588236     
         732  0.58333333333333337     
         733   1.0000000000000000     
         734   1.0000000000000000     
         735  0.53333333333333333     
         736  0.53125000000000000     
         737  0.54545454545454541     
         738  0.55555555555555558     
         739   1.0000000000000000     
         740  0.55000000000000004     
         741  0.52631578947368418     
         742  0.57142857142857140     
         743   1.0000000000000000     
         744  0.54166666666666663     
         745  0.59999999999999998     
         746   1.0000000000000000     
         747  0.55555555555555558     
         748  0.52941176470588236     
         749  0.57142857142857140     
         750  0.53333333333333333     
         751   1.0000000000000000     
         752  0.56250000000000000     
         753  0.66666666666666663     
         754  0.53846153846153844     
         755  0.59999999999999998     
         756  0.52777777777777779     
         757   1.0000000000000000     
         758   1.0000000000000000     
         759  0.54545454545454541     
         760  0.52500000000000002     
         761   1.0000000000000000     
         762  0.66666666666666663     
         763  0.57142857142857140     
         764  0.75000000000000000     
         765  0.52941176470588236     
         766   1.0000000000000000     
         767  0.53846153846153844     
         768  0.53125000000000000     
         769   1.0000000000000000     
         770  0.54545454545454541     
         771  0.66666666666666663     
         772  0.75000000000000000     
         773   1.0000000000000000     
         774  0.55555555555555558     
         775  0.52000000000000002     
         776  0.62500000000000000     
         777  0.52380952380952384     
         778   1.0000000000000000     
         779  0.52631578947368418     
         780  0.53333333333333333     
         781  0.54545454545454541     
         782  0.52941176470588236     
         783  0.55555555555555558     
         784  0.53571428571428570     
         785  0.59999999999999998     
         786  0.66666666666666663     
         787   1.0000000000000000     
         788  0.75000000000000000     
         789  0.66666666666666663     
         790  0.59999999999999998     
         791  0.57142857142857140     
         792  0.52777777777777779     
         793  0.53846153846153844     
         794   1.0000000000000000     
         795  0.53333333333333333     
         796  0.75000000000000000     
         797   1.0000000000000000     
         798  0.52380952380952384     
         799  0.52941176470588236     
         800  0.52500000000000002     
         801  0.55555555555555558     
         802   1.0000000000000000     
         803  0.54545454545454541     
         804  0.58333333333333337     
         805  0.52173913043478259     
         806  0.53846153846153844     
         807  0.66666666666666663     
         808  0.62500000000000000     
         809   1.0000000000000000     
         810  0.53333333333333333     
         811   1.0000000000000000     
         812  0.53571428571428570     
         813  0.66666666666666663     
         814  0.54545454545454541     
         815  0.59999999999999998     
         816  0.52941176470588236     
         817  0.52631578947368418     
         818   1.0000000000000000     
         819  0.52380952380952384     
         820  0.55000000000000004     
         821   1.0000000000000000     
         822  0.66666666666666663     
         823   1.0000000000000000     
         824  0.62500000000000000     
         825  0.53333333333333333     
         826  0.57142857142857140     
         827   1.0000000000000000     
         828  0.52777777777777779     
         829   1.0000000000000000     
         830  0.59999999999999998     
         831  0.66666666666666663     
         832  0.53125000000000000     
         833  0.52941176470588236     
         834  0.66666666666666663     
         835  0.59999999999999998     
         836  0.52631578947368418     
         837  0.55555555555555558     
         838   1.0000000000000000     
         839   1.0000000000000000     
         840  0.52500000000000002     
         841  0.51724137931034486     
         842   1.0000000000000000     
         843  0.66666666666666663     
         844  0.75000000000000000     
         845  0.53846153846153844     
         846  0.55555555555555558     
         847  0.54545454545454541     
         848  0.56250000000000000     
         849  0.66666666666666663     
         850  0.52941176470588236     
         851  0.52173913043478259     
         852  0.58333333333333337     
         853   1.0000000000000000     
         854  0.57142857142857140     
         855  0.53333333333333333     
         856  0.62500000000000000     
         857   1.0000000000000000     
         858  0.53846153846153844     
         859   1.0000000000000000     
         860  0.55000000000000004     
         861  0.52380952380952384     
         862   1.0000000000000000     
         863   1.0000000000000000     
         864  0.52777777777777779     
         865  0.59999999999999998     
         866   1.0000000000000000     
         867  0.52941176470588236     
         868  0.53571428571428570     
         869  0.54545454545454541     
         870  0.53333333333333333     
         871  0.53846153846153844     
         872  0.62500000000000000     
         873  0.55555555555555558     
         874  0.52631578947368418     
         875  0.52000000000000002     
         876  0.58333333333333337     
         877   1.0000000000000000     
         878   1.0000000000000000     
         879  0.66666666666666663     
         880  0.52500000000000002     
         881   1.0000000000000000     
         882  0.52380952380952384     
         883   1.0000000000000000     
         884  0.52941176470588236     
         885  0.53333333333333333     
         886   1.0000000000000000     
         887   1.0000000000000000     
         888  0.54166666666666663     
         889  0.57142857142857140     
         890  0.59999999999999998     
         891  0.54545454545454541     
         892  0.75000000000000000     
         893  0.52631578947368418     
         894  0.66666666666666663     
         895  0.59999999999999998     
         896  0.53125000000000000     
         897  0.53846153846153844     
         898   1.0000000000000000     
         899  0.51724137931034486     
         900  0.52777777777777779     
         901  0.52941176470588236     
         902  0.54545454545454541     
         903  0.52380952380952384     
         904  0.62500000000000000     
         905  0.59999999999999998     
         906  0.66666666666666663     
         907   1.0000000000000000     
         908  0.75000000000000000     
         909  0.55555555555555558     
         910  0.53846153846153844     
         911   1.0000000000000000     
         912  0.52631578947368418     
         913  0.54545454545454541     
         914   1.0000000000000000     
         915  0.53333333333333333     
         916  0.75000000000000000     
         917  0.57142857142857140     
         918  0.52941176470588236     
         919   1.0000000000000000     
         920  0.52500000000000002     
         921  0.66666666666666663     
         922   1.0000000000000000     
         923  0.53846153846153844     
         924  0.52380952380952384     
         925  0.52000000000000002     
         926   1.0000000000000000     
         927  0.55555555555555558     
         928  0.53125000000000000     
         929   1.0000000000000000     
         930  0.53333333333333333     
         931  0.52631578947368418     
         932  0.75000000000000000     
         933  0.66666666666666663     
         934   1.0000000000000000     
         935  0.52941176470588236     
         936  0.52777777777777779     
         937   1.0000000000000000     
         938  0.57142857142857140     
         939  0.66666666666666663     
         940  0.55000000000000004     
         941   1.0000000000000000     
         942  0.66666666666666663     
         943  0.52173913043478259     
         944  0.56250000000000000     
         945  0.53333333333333333     
         946  0.54545454545454541     
         947   1.0000000000000000     
         948  0.58333333333333337     
         949  0.53846153846153844     
         950  0.52631578947368418     
         951  0.66666666666666663     
         952  0.52941176470588236     
         953   1.0000000000000000     
         954  0.55555555555555558     
         955  0.59999999999999998     
         956  0.75000000000000000     
         957  0.54545454545454541     
         958   1.0000000000000000     
         959  0.57142857142857140     
         960  0.52500000000000002     
         961  0.51612903225806450     
         962  0.53846153846153844     
         963  0.55555555555555558     
         964  0.75000000000000000     
         965  0.59999999999999998     
         966  0.52380952380952384     
         967   1.0000000000000000     
         968  0.52272727272727271     
         969  0.52941176470588236     
         970  0.59999999999999998     
         971   1.0000000000000000     
         972  0.52777777777777779     
         973  0.57142857142857140     
         974   1.0000000000000000     
         975  0.53333333333333333     
         976  0.56250000000000000     
         977   1.0000000000000000     
         978  0.66666666666666663     
         979  0.54545454545454541     
         980  0.53571428571428570     
         981  0.55555555555555558     
         982   1.0000000000000000     
         983   1.0000000000000000     
         984  0.54166666666666663     
         985  0.59999999999999998     
         986  0.52941176470588236     
         987  0.52380952380952384     
         988  0.52631578947368418     
         989  0.52173913043478259     
         990  0.53333333333333333     
         991   1.0000000000000000     
         992  0.53125000000000000     
         993  0.66666666666666663     
         994  0.57142857142857140     
         995  0.59999999999999998     
         996  0.58333333333333337     
         997   1.0000000000000000     
         998   1.0000000000000000     
         999  0.55555555555555558     
        1000  0.52500000000000002     
        1001  0.53846153846153844     
        1002  0.66666666666666663     
        1003  0.52941176470588236     
        1004  0.75000000000000000     
        1005  0.53333333333333333     
        1006   1.0000000000000000     
        1007  0.52631578947368418     
        1008  0.52380952380952384     
        1009   1.0000000000000000     
        1010  0.59999999999999998     
        1011  0.66666666666666663     
        1012  0.52272727272727271     
        1013   1.0000000000000000     
        1014  0.53846153846153844     
        1015  0.51724137931034486     
        1016  0.62500000000000000     
        1017  0.55555555555555558     
        1018   1.0000000000000000     
        1019   1.0000000000000000     
        1020  0.53333333333333333     
        1021   1.0000000000000000     
        1022  0.57142857142857140     
        1023  0.54545454545454541     
        1024  0.53125000000000000     
        1025  0.52000000000000002     
        1026  0.52631578947368418     
        1027  0.53846153846153844     
        1028  0.75000000000000000     
        1029  0.52380952380952384     
        1030  0.59999999999999998     
        1031   1.0000000000000000     
        1032  0.54166666666666663     
        1033   1.0000000000000000     
        1034  0.54545454545454541     
        1035  0.53333333333333333     
        1036  0.53571428571428570     
        1037  0.52941176470588236     
        1038  0.66666666666666663     
        1039   1.0000000000000000     
        1040  0.52500000000000002     
        1041  0.66666666666666663     
        1042   1.0000000000000000     
        1043  0.57142857142857140     
        1044  0.52777777777777779     
        1045  0.52631578947368418     
        1046   1.0000000000000000     
        1047  0.66666666666666663     
        1048  0.62500000000000000     
        1049   1.0000000000000000     
        1050  0.53333333333333333     
        1051   1.0000000000000000     
        1052  0.75000000000000000     
        1053  0.53846153846153844     
        1054  0.52941176470588236     
        1055  0.59999999999999998     
        1056  0.52272727272727271     
        1057  0.57142857142857140     
        1058  0.52173913043478259     
        1059  0.66666666666666663     
        1060  0.55000000000000004     
        1061   1.0000000000000000     
        1062  0.55555555555555558     
        1063   1.0000000000000000     
        1064  0.52631578947368418     
        1065  0.53333333333333333     
        1066  0.53846153846153844     
        1067  0.54545454545454541     
        1068  0.58333333333333337     
        1069   1.0000000000000000     
        1070  0.59999999999999998     
        1071  0.52380952380952384     
        1072  0.56250000000000000     
        1073  0.51724137931034486     
        1074  0.66666666666666663     
        1075  0.52000000000000002     
        1076  0.75000000000000000     
        1077  0.66666666666666663     
        1078  0.54545454545454541     
        1079  0.53846153846153844     
        1080  0.52500000000000002     
        1081  0.52173913043478259     
        1082   1.0000000000000000     
        1083  0.52631578947368418     
        1084  0.75000000000000000     
        1085  0.57142857142857140     
        1086  0.66666666666666663     
        1087   1.0000000000000000     
        1088  0.52941176470588236     
        1089  0.54545454545454541     
        1090  0.59999999999999998     
        1091   1.0000000000000000     
        1092  0.52380952380952384     
        1093   1.0000000000000000     
        1094   1.0000000000000000     
        1095  0.53333333333333333     
        1096  0.62500000000000000     
        1097   1.0000000000000000     
        1098  0.55555555555555558     
        1099  0.57142857142857140     
        1100  0.52272727272727271     
        1101  0.66666666666666663     
        1102  0.52631578947368418     
        1103   1.0000000000000000     
        1104  0.52173913043478259     
        1105  0.52941176470588236     
        1106  0.57142857142857140     
        1107  0.51851851851851849     
        1108  0.75000000000000000     
        1109   1.0000000000000000     
        1110  0.53333333333333333     
        1111  0.54545454545454541     
        1112  0.62500000000000000     
        1113  0.52380952380952384     
        1114   1.0000000000000000     
        1115  0.59999999999999998     
        1116  0.52777777777777779     
        1117   1.0000000000000000     
        1118  0.53846153846153844     
        1119  0.66666666666666663     
        1120  0.53125000000000000     
        1121  0.52631578947368418     
        1122  0.52941176470588236     
        1123   1.0000000000000000     
        1124  0.75000000000000000     
        1125  0.53333333333333333     
        1126   1.0000000000000000     
        1127  0.52173913043478259     
        1128  0.54166666666666663     
        1129   1.0000000000000000     
        1130  0.59999999999999998     
        1131  0.53846153846153844     
        1132  0.75000000000000000     
        1133  0.54545454545454541     
        1134  0.52380952380952384     
        1135  0.59999999999999998     
        1136  0.56250000000000000     
        1137  0.66666666666666663     
        1138   1.0000000000000000     
        1139  0.52941176470588236     
        1140  0.52631578947368418     
        1141  0.57142857142857140     
        1142   1.0000000000000000     
        1143  0.55555555555555558     
        1144  0.52272727272727271     
        1145  0.59999999999999998     
        1146  0.66666666666666663     
        1147  0.51612903225806450     
        1148  0.53571428571428570     
        1149  0.66666666666666663     
        1150  0.52173913043478259     
        1151   1.0000000000000000     
        1152  0.52777777777777779     
        1153   1.0000000000000000     
        1154   1.0000000000000000     
        1155  0.52380952380952384     
        1156  0.52941176470588236     
        1157  0.53846153846153844     
        1158  0.66666666666666663     
        1159  0.52631578947368418     
        1160  0.52500000000000002     
        1161  0.51851851851851849     
        1162  0.57142857142857140     
        1163   1.0000000000000000     
        1164  0.58333333333333337     
        1165  0.59999999999999998     
        1166  0.54545454545454541     
        1167  0.66666666666666663     
        1168  0.56250000000000000     
        1169  0.57142857142857140     
        1170  0.53333333333333333     
        1171   1.0000000000000000     
        1172  0.75000000000000000     
        1173  0.52173913043478259     
        1174   1.0000000000000000     
        1175  0.52000000000000002     
        1176  0.52380952380952384     
        1177  0.54545454545454541     
        1178  0.52631578947368418     
        1179  0.55555555555555558     
        1180  0.55000000000000004     
        1181   1.0000000000000000     
        1182  0.66666666666666663     
        1183  0.53846153846153844     
        1184  0.53125000000000000     
        1185  0.53333333333333333     
        1186   1.0000000000000000     
        1187   1.0000000000000000     
        1188  0.52272727272727271     
        1189  0.51724137931034486     
        1190  0.52941176470588236     
        1191  0.66666666666666663     
        1192  0.62500000000000000     
        1193   1.0000000000000000     
        1194  0.66666666666666663     
        1195  0.59999999999999998     
        1196  0.52173913043478259     
        1197  0.52380952380952384     
        1198   1.0000000000000000     
        1199  0.54545454545454541     
        1200  0.52500000000000002     
        1201   1.0000000000000000     
        1202   1.0000000000000000     
        1203  0.66666666666666663     
        1204  0.53571428571428570     
        1205  0.59999999999999998     
        1206  0.55555555555555558     
        1207  0.52941176470588236     
        1208  0.62500000000000000     
        1209  0.53846153846153844     
        1210  0.54545454545454541     
        1211  0.57142857142857140     
        1212  0.58333333333333337     
        1213   1.0000000000000000     
        1214   1.0000000000000000     
        1215  0.53333333333333333     
        1216  0.53125000000000000     
        1217   1.0000000000000000     
        1218  0.52380952380952384     
        1219  0.52173913043478259     
        1220  0.55000000000000004     
        1221  0.54545454545454541     
        1222  0.53846153846153844     
        1223   1.0000000000000000     
        1224  0.52777777777777779     
        1225  0.52000000000000002     
        1226   1.0000000000000000     
        1227  0.66666666666666663     
        1228  0.75000000000000000     
        1229   1.0000000000000000     
        1230  0.53333333333333333     
        1231   1.0000000000000000     
        1232  0.52272727272727271     
        1233  0.55555555555555558     
        1234   1.0000000000000000     
        1235  0.52631578947368418     
        1236  0.58333333333333337     
        1237   1.0000000000000000     
        1238   1.0000000000000000     
        1239  0.52380952380952384     
        1240  0.52500000000000002     
        1241  0.52941176470588236     
        1242  0.52173913043478259     
        1243  0.54545454545454541     
        1244  0.75000000000000000     
        1245  0.53333333333333333     
        1246  0.57142857142857140     
        1247  0.51724137931034486     
        1248  0.53125000000000000     
        1249   1.0000000000000000     
        1250  0.52000000000000002     
        1251  0.55555555555555558     
        1252  0.75000000000000000     
        1253  0.57142857142857140     
        1254  0.52631578947368418     
        1255  0.59999999999999998     
        1256  0.62500000000000000     
        1257  0.66666666666666663     
        1258  0.52941176470588236     
        1259   1.0000000000000000     
        1260  0.52380952380952384     
        1261  0.53846153846153844     
        1262   1.0000000000000000     
        1263  0.66666666666666663     
        1264  0.56250000000000000     
        1265  0.52173913043478259     
        1266  0.66666666666666663     
        1267  0.57142857142857140     
        1268  0.75000000000000000     
        1269  0.51851851851851849     
        1270  0.59999999999999998     
        1271  0.51612903225806450     
        1272  0.54166666666666663     
        1273  0.52631578947368418     
        1274  0.53846153846153844     
        1275  0.52941176470588236     
        1276  0.52272727272727271     
        1277   1.0000000000000000     
        1278  0.55555555555555558     
        1279   1.0000000000000000     
        1280  0.52500000000000002     
        1281  0.52380952380952384     
        1282   1.0000000000000000     
        1283   1.0000000000000000     
        1284  0.58333333333333337     
        1285  0.59999999999999998     
        1286   1.0000000000000000     
        1287  0.53846153846153844     
        1288  0.52173913043478259     
        1289   1.0000000000000000     
        1290  0.53333333333333333     
        1291   1.0000000000000000     
        1292  0.52631578947368418     
        1293  0.66666666666666663     
        1294   1.0000000000000000     
        1295  0.57142857142857140     
        1296  0.52083333333333337     
        1297   1.0000000000000000     
        1298  0.54545454545454541     
        1299  0.66666666666666663     
        1300  0.53846153846153844     
        1301   1.0000000000000000     
        1302  0.52380952380952384     
        1303   1.0000000000000000     
        1304  0.62500000000000000     
        1305  0.53333333333333333     
        1306   1.0000000000000000     
        1307   1.0000000000000000     
        1308  0.58333333333333337     
        1309  0.52941176470588236     
        1310  0.59999999999999998     
        1311  0.52173913043478259     
        1312  0.53125000000000000     
        1313  0.53846153846153844     
        1314  0.55555555555555558     
        1315  0.59999999999999998     
        1316  0.53571428571428570     
        1317  0.66666666666666663     
        1318   1.0000000000000000     
        1319   1.0000000000000000     
        1320  0.52272727272727271     
        1321   1.0000000000000000     
        1322   1.0000000000000000     
        1323  0.52380952380952384     
        1324  0.75000000000000000     
        1325  0.52000000000000002     
        1326  0.52941176470588236     
        1327   1.0000000000000000     
        1328  0.56250000000000000     
        1329  0.66666666666666663     
        1330  0.52631578947368418     
        1331  0.54545454545454541     
        1332  0.52777777777777779     
        1333  0.51612903225806450     
        1334  0.52173913043478259     
        1335  0.53333333333333333     
        1336  0.62500000000000000     
        1337  0.57142857142857140     
        1338  0.66666666666666663     
        1339  0.53846153846153844     
        1340  0.55000000000000004     
        1341  0.55555555555555558     
        1342  0.54545454545454541     
        1343  0.52941176470588236     
        1344  0.52083333333333337     
        1345  0.59999999999999998     
        1346   1.0000000000000000     
        1347  0.66666666666666663     
        1348  0.75000000000000000     
        1349  0.52631578947368418     
        1350  0.53333333333333333     
        1351  0.57142857142857140     
        1352  0.53846153846153844     
        1353  0.54545454545454541     
        1354   1.0000000000000000     
        1355  0.59999999999999998     
        1356  0.58333333333333337     
        1357  0.52173913043478259     
        1358  0.57142857142857140     
        1359  0.55555555555555558     
        1360  0.52500000000000002     
        1361   1.0000000000000000     
        1362  0.66666666666666663     
        1363  0.51724137931034486     
        1364  0.52272727272727271     
        1365  0.52380952380952384     
        1366   1.0000000000000000     
        1367   1.0000000000000000     
        1368  0.52777777777777779     
        1369  0.51351351351351349     
        1370  0.59999999999999998     
        1371  0.66666666666666663     
        1372  0.53571428571428570     
        1373   1.0000000000000000     
        1374  0.66666666666666663     
        1375  0.52000000000000002     
        1376  0.53125000000000000     
        1377  0.52941176470588236     
        1378  0.53846153846153844     
        1379  0.57142857142857140     
        1380  0.52173913043478259     
        1381   1.0000000000000000     
        1382   1.0000000000000000     
        1383  0.66666666666666663     
        1384  0.62500000000000000     
        1385  0.59999999999999998     
        1386  0.52380952380952384     
        1387  0.52631578947368418     
        1388  0.75000000000000000     
        1389  0.66666666666666663     
        1390  0.59999999999999998     
        1391  0.53846153846153844     
        1392  0.52083333333333337     
        1393  0.57142857142857140     
        1394  0.52941176470588236     
        1395  0.53333333333333333     
        1396  0.75000000000000000     
        1397  0.54545454545454541     
        1398  0.66666666666666663     
        1399   1.0000000000000000     
        1400  0.52500000000000002     
        1401  0.66666666666666663     
        1402   1.0000000000000000     
        1403  0.52173913043478259     
        1404  0.52777777777777779     
        1405  0.59999999999999998     
        1406  0.52631578947368418     
        1407  0.52380952380952384     
        1408  0.52272727272727271     
        1409   1.0000000000000000     
        1410  0.53333333333333333     
        1411  0.52941176470588236     
        1412  0.75000000000000000     
        1413  0.55555555555555558     
        1414  0.57142857142857140     
        1415  0.59999999999999998     
        1416  0.54166666666666663     
        1417  0.53846153846153844     
        1418   1.0000000000000000     
        1419  0.54545454545454541     
        1420  0.55000000000000004     
        1421  0.51724137931034486     
        1422  0.55555555555555558     
        1423   1.0000000000000000     
        1424  0.56250000000000000     
        1425  0.52631578947368418     
        1426  0.52173913043478259     
        1427   1.0000000000000000     
        1428  0.52380952380952384     
        1429   1.0000000000000000     
        1430  0.53846153846153844     
        1431  0.51851851851851849     
        1432  0.62500000000000000     
        1433   1.0000000000000000     
        1434  0.66666666666666663     
        1435  0.57142857142857140     
        1436  0.75000000000000000     
        1437  0.66666666666666663     
        1438   1.0000000000000000     
        1439   1.0000000000000000     
        1440  0.52083333333333337     
        1441  0.54545454545454541     
        1442  0.57142857142857140     
        1443  0.53846153846153844     
        1444  0.52631578947368418     
        1445  0.52941176470588236     
        1446  0.66666666666666663     
        1447   1.0000000000000000     
        1448  0.62500000000000000     
        1449  0.52173913043478259     
        1450  0.52000000000000002     
        1451   1.0000000000000000     
        1452  0.52272727272727271     
        1453   1.0000000000000000     
        1454   1.0000000000000000     
        1455  0.53333333333333333     
        1456  0.53571428571428570     
        1457  0.51612903225806450     
        1458  0.51851851851851849     
        1459   1.0000000000000000     
        1460  0.55000000000000004     
        1461  0.66666666666666663     
        1462  0.52941176470588236     
        1463  0.52631578947368418     
        1464  0.54166666666666663     
        1465  0.59999999999999998     
        1466   1.0000000000000000     
        1467  0.55555555555555558     
        1468  0.75000000000000000     
        1469  0.53846153846153844     
        1470  0.52380952380952384     
        1471   1.0000000000000000     
        1472  0.53125000000000000     
        1473  0.66666666666666663     
        1474  0.54545454545454541     
        1475  0.52000000000000002     
        1476  0.52777777777777779     
        1477  0.57142857142857140     
        1478   1.0000000000000000     
        1479  0.52941176470588236     
        1480  0.52500000000000002     
        1481   1.0000000000000000     
        1482  0.52631578947368418     
        1483   1.0000000000000000     
        1484  0.53571428571428570     
        1485  0.53333333333333333     
        1486   1.0000000000000000     
        1487   1.0000000000000000     
        1488  0.52083333333333337     
        1489   1.0000000000000000     
        1490  0.59999999999999998     
        1491  0.52380952380952384     
        1492  0.75000000000000000     
        1493   1.0000000000000000     
        1494  0.55555555555555558     
        1495  0.52173913043478259     
        1496  0.52272727272727271     
        1497  0.66666666666666663     
        1498  0.57142857142857140     
        1499   1.0000000000000000     
        1500  0.52000000000000002     
        1501  0.52631578947368418     
        1502   1.0000000000000000     
        1503  0.55555555555555558     
        1504  0.53125000000000000     
        1505  0.51428571428571423     
        1506  0.66666666666666663     
        1507  0.54545454545454541     
        1508  0.51923076923076927     
        1509  0.66666666666666663     
        1510  0.59999999999999998     
        1511   1.0000000000000000     
        1512  0.52380952380952384     
        1513  0.52941176470588236     
        1514   1.0000000000000000     
        1515  0.53333333333333333     
        1516  0.75000000000000000     
        1517  0.51351351351351349     
        1518  0.52173913043478259     
        1519  0.51612903225806450     
        1520  0.52500000000000002     
        1521  0.53846153846153844     
        1522   1.0000000000000000     
        1523   1.0000000000000000     
        1524  0.58333333333333337     
        1525  0.52000000000000002     
        1526  0.57142857142857140     
        1527  0.66666666666666663     
        1528  0.62500000000000000     
        1529  0.54545454545454541     
        1530  0.52941176470588236     
        1531   1.0000000000000000     
        1532  0.75000000000000000     
        1533  0.52380952380952384     
        1534  0.53846153846153844     
        1535  0.59999999999999998     
        1536  0.52083333333333337     
        1537  0.51724137931034486     
        1538   1.0000000000000000     
        1539  0.52631578947368418     
        1540  0.52272727272727271     
        1541  0.52173913043478259     
        1542  0.66666666666666663     
        1543   1.0000000000000000     
        1544  0.62500000000000000     
        1545  0.53333333333333333     
        1546   1.0000000000000000     
        1547  0.52941176470588236     
        1548  0.52777777777777779     
        1549   1.0000000000000000     
        1550  0.52000000000000002     
        1551  0.54545454545454541     
        1552  0.56250000000000000     
        1553   1.0000000000000000     
        1554  0.52380952380952384     
        1555  0.59999999999999998     
        1556  0.75000000000000000     
        1557  0.55555555555555558     
        1558  0.52631578947368418     
        1559   1.0000000000000000     
        1560  0.52500000000000002     
        1561  0.57142857142857140     
        1562  0.54545454545454541     
        1563  0.66666666666666663     
        1564  0.52173913043478259     
        1565  0.59999999999999998     
        1566  0.51851851851851849     
        1567   1.0000000000000000     
        1568  0.53125000000000000     
        1569  0.66666666666666663     
        1570  0.59999999999999998     
        1571   1.0000000000000000     
        1572  0.58333333333333337     
        1573  0.53846153846153844     
        1574   1.0000000000000000     
        1575  0.52000000000000002     
        1576  0.62500000000000000     
        1577  0.52631578947368418     
        1578  0.66666666666666663     
        1579   1.0000000000000000     
        1580  0.55000000000000004     
        1581  0.52941176470588236     
        1582  0.57142857142857140     
        1583   1.0000000000000000     
        1584  0.52083333333333337     
        1585  0.59999999999999998     
        1586  0.53846153846153844     
        1587  0.52173913043478259     
        1588  0.75000000000000000     
        1589  0.57142857142857140     
        1590  0.53333333333333333     
        1591  0.51351351351351349     
        1592  0.62500000000000000     
        1593  0.51851851851851849     
        1594   1.0000000000000000     
        1595  0.51724137931034486     
        1596  0.52380952380952384     
        1597   1.0000000000000000     
        1598  0.52941176470588236     
        1599  0.53846153846153844     
        1600  0.52000000000000002     
        1601   1.0000000000000000     
        1602  0.55555555555555558     
        1603  0.57142857142857140     
        1604  0.75000000000000000     
        1605  0.53333333333333333     
        1606  0.54545454545454541     
        1607   1.0000000000000000     
        1608  0.54166666666666663     
        1609   1.0000000000000000     
        1610  0.52173913043478259     
        1611  0.55555555555555558     
        1612  0.51923076923076927     
        1613   1.0000000000000000     
        1614  0.66666666666666663     
        1615  0.52631578947368418     
        1616  0.56250000000000000     
        1617  0.52380952380952384     
        1618   1.0000000000000000     
        1619   1.0000000000000000     
        1620  0.52777777777777779     
        1621   1.0000000000000000     
        1622   1.0000000000000000     
        1623  0.66666666666666663     
        1624  0.53571428571428570     
        1625  0.52000000000000002     
        1626  0.66666666666666663     
        1627   1.0000000000000000     
        1628  0.52272727272727271     
        1629  0.55555555555555558     
        1630  0.59999999999999998     
        1631  0.57142857142857140     
        1632  0.52083333333333337     
        1633  0.52173913043478259     
        1634  0.52631578947368418     
        1635  0.53333333333333333     
        1636  0.75000000000000000     
        1637   1.0000000000000000     
        1638  0.52380952380952384     
        1639  0.54545454545454541     
        1640  0.52500000000000002     
        1641  0.66666666666666663     
        1642   1.0000000000000000     
        1643  0.51612903225806450     
        1644  0.58333333333333337     
        1645  0.51428571428571423     
        1646   1.0000000000000000     
        1647  0.51851851851851849     
        1648  0.56250000000000000     
        1649  0.52941176470588236     
        1650  0.52000000000000002     
        1651  0.53846153846153844     
        1652  0.53571428571428570     
        1653  0.52631578947368418     
        1654   1.0000000000000000     
        1655  0.59999999999999998     
        1656  0.52173913043478259     
        1657   1.0000000000000000     
        1658   1.0000000000000000     
        1659  0.52380952380952384     
        1660  0.55000000000000004     
        1661  0.54545454545454541     
        1662  0.66666666666666663     
        1663   1.0000000000000000     
        1664  0.53125000000000000     
        1665  0.53333333333333333     
        1666  0.52941176470588236     
        1667   1.0000000000000000     
        1668  0.58333333333333337     
        1669   1.0000000000000000     
        1670  0.59999999999999998     
        1671  0.66666666666666663     
        1672  0.52272727272727271     
        1673  0.57142857142857140     
        1674  0.51851851851851849     
        1675  0.52000000000000002     
        1676  0.75000000000000000     
        1677  0.53846153846153844     
        1678   1.0000000000000000     
        1679  0.52173913043478259     
        1680  0.52083333333333337     
        1681  0.51219512195121952     
        1682  0.51724137931034486     
        1683  0.52941176470588236     
        1684  0.75000000000000000     
        1685  0.59999999999999998     
        1686  0.66666666666666663     
        1687  0.57142857142857140     
        1688  0.62500000000000000     
        1689  0.66666666666666663     
        1690  0.53846153846153844     
        1691  0.52631578947368418     
        1692  0.52777777777777779     
        1693   1.0000000000000000     
        1694  0.54545454545454541     
        1695  0.53333333333333333     
        1696  0.53125000000000000     
        1697   1.0000000000000000     
        1698  0.66666666666666663     
        1699   1.0000000000000000     
        1700  0.52000000000000002     
        1701  0.52380952380952384     
        1702  0.52173913043478259     
        1703  0.53846153846153844     
        1704  0.54166666666666663     
        1705  0.54545454545454541     
        1706   1.0000000000000000     
        1707  0.66666666666666663     
        1708  0.53571428571428570     
        1709   1.0000000000000000     
        1710  0.52631578947368418     
        1711  0.51724137931034486     
        1712  0.56250000000000000     
        1713  0.66666666666666663     
        1714   1.0000000000000000     
        1715  0.51428571428571423     
        1716  0.51923076923076927     
        1717  0.52941176470588236     
        1718   1.0000000000000000     
        1719  0.55555555555555558     
        1720  0.52500000000000002     
        1721   1.0000000000000000     
        1722  0.52380952380952384     
        1723   1.0000000000000000     
        1724  0.75000000000000000     
        1725  0.52000000000000002     
        1726   1.0000000000000000     
        1727  0.54545454545454541     
        1728  0.52083333333333337     
        1729  0.52631578947368418     
        1730  0.59999999999999998     
        1731  0.66666666666666663     
        1732  0.75000000000000000     
        1733   1.0000000000000000     
        1734  0.52941176470588236     
        1735  0.59999999999999998     
        1736  0.53571428571428570     
        1737  0.55555555555555558     
        1738  0.54545454545454541     
        1739  0.51351351351351349     
        1740  0.53333333333333333     
        1741   1.0000000000000000     
        1742  0.53846153846153844     
        1743  0.52380952380952384     
        1744  0.56250000000000000     
        1745  0.59999999999999998     
        1746  0.55555555555555558     
        1747   1.0000000000000000     
        1748  0.52173913043478259     
        1749  0.54545454545454541     
        1750  0.52000000000000002     
        1751  0.52941176470588236     
        1752  0.54166666666666663     
        1753   1.0000000000000000     
        1754   1.0000000000000000     
        1755  0.53333333333333333     
        1756  0.75000000000000000     
        1757  0.57142857142857140     
        1758  0.66666666666666663     
        1759   1.0000000000000000     
        1760  0.52500000000000002     
        1761  0.66666666666666663     
        1762   1.0000000000000000     
        1763  0.51219512195121952     
        1764  0.52777777777777779     
        1765  0.59999999999999998     
        1766   1.0000000000000000     
        1767  0.52631578947368418     
        1768  0.51923076923076927     
        1769  0.51724137931034486     
        1770  0.53333333333333333     
        1771  0.52173913043478259     
        1772  0.75000000000000000     
        1773  0.55555555555555558     
        1774   1.0000000000000000     
        1775  0.52000000000000002     
        1776  0.52083333333333337     
        1777   1.0000000000000000     
        1778  0.57142857142857140     
        1779  0.66666666666666663     
        1780  0.55000000000000004     
        1781  0.53846153846153844     
        1782  0.51851851851851849     
        1783   1.0000000000000000     
        1784  0.62500000000000000     
        1785  0.52380952380952384     
        1786  0.52631578947368418     
        1787   1.0000000000000000     
        1788  0.58333333333333337     
        1789   1.0000000000000000     
        1790  0.59999999999999998     
        1791  0.55555555555555558     
        1792  0.53125000000000000     
        1793  0.54545454545454541     
        1794  0.52173913043478259     
        1795  0.59999999999999998     
        1796  0.75000000000000000     
        1797  0.66666666666666663     
        1798  0.51724137931034486     
        1799  0.57142857142857140     
        1800  0.52000000000000002     
        1801   1.0000000000000000     
        1802  0.52941176470588236     
        1803  0.66666666666666663     
        1804  0.52272727272727271     
        1805  0.52631578947368418     
        1806  0.52380952380952384     
        1807  0.53846153846153844     
        1808  0.56250000000000000     
        1809  0.51851851851851849     
        1810  0.59999999999999998     
        1811   1.0000000000000000     
        1812  0.58333333333333337     
        1813  0.51351351351351349     
        1814   1.0000000000000000     
        1815  0.53333333333333333     
        1816  0.62500000000000000     
        1817  0.52173913043478259     
        1818  0.55555555555555558     
        1819  0.52941176470588236     
        1820  0.51923076923076927     
        1821  0.66666666666666663     
        1822   1.0000000000000000     
        1823   1.0000000000000000     
        1824  0.52083333333333337     
        1825  0.52000000000000002     
        1826  0.54545454545454541     
        1827  0.52380952380952384     
        1828  0.75000000000000000     
        1829  0.51612903225806450     
        1830  0.53333333333333333     
        1831   1.0000000000000000     
        1832  0.62500000000000000     
        1833  0.53846153846153844     
        1834  0.57142857142857140     
        1835  0.59999999999999998     
        1836  0.52777777777777779     
        1837  0.54545454545454541     
        1838   1.0000000000000000     
        1839  0.66666666666666663     
        1840  0.52500000000000002     
        1841  0.57142857142857140     
        1842  0.66666666666666663     
        1843  0.52631578947368418     
        1844  0.75000000000000000     
        1845  0.53333333333333333     
        1846  0.53846153846153844     
        1847   1.0000000000000000     
        1848  0.52272727272727271     
        1849  0.51162790697674421     
        1850  0.52000000000000002     
        1851  0.66666666666666663     
        1852  0.75000000000000000     
        1853  0.52941176470588236     
        1854  0.55555555555555558     
        1855  0.51428571428571423     
        1856  0.53125000000000000     
        1857  0.66666666666666663     
        1858   1.0000000000000000     
        1859  0.53846153846153844     
        1860  0.53333333333333333     
        1861   1.0000000000000000     
        1862  0.52631578947368418     
        1863  0.51851851851851849     
        1864  0.62500000000000000     
        1865  0.59999999999999998     
        1866  0.66666666666666663     
        1867   1.0000000000000000     
        1868  0.75000000000000000     
        1869  0.52380952380952384     
        1870  0.52941176470588236     
        1871   1.0000000000000000     
        1872  0.51923076923076927     
        1873   1.0000000000000000     
        1874   1.0000000000000000     
        1875  0.52000000000000002     
        1876  0.53571428571428570     
        1877   1.0000000000000000     
        1878  0.66666666666666663     
        1879   1.0000000000000000     
        1880  0.52500000000000002     
        1881  0.52631578947368418     
        1882   1.0000000000000000     
        1883  0.57142857142857140     
        1884  0.58333333333333337     
        1885  0.51724137931034486     
        1886  0.52173913043478259     
        1887  0.52941176470588236     
        1888  0.53125000000000000     
        1889   1.0000000000000000     
        1890  0.52380952380952384     
        1891  0.51612903225806450     
        1892  0.52272727272727271     
        1893  0.66666666666666663     
        1894   1.0000000000000000     
        1895  0.59999999999999998     
        1896  0.54166666666666663     
        1897  0.57142857142857140     
        1898  0.53846153846153844     
        1899  0.55555555555555558     
        1900  0.52000000000000002     
        1901   1.0000000000000000     
        1902  0.66666666666666663     
        1903  0.54545454545454541     
        1904  0.52941176470588236     
        1905  0.53333333333333333     
        1906   1.0000000000000000     
        1907   1.0000000000000000     
        1908  0.52777777777777779     
        1909  0.52173913043478259     
        1910  0.59999999999999998     
        1911  0.52380952380952384     
        1912  0.62500000000000000     
        1913   1.0000000000000000     
        1914  0.51724137931034486     
        1915  0.59999999999999998     
        1916  0.75000000000000000     
        1917  0.51851851851851849     
        1918  0.57142857142857140     
        1919  0.52631578947368418     
        1920  0.52083333333333337     
        1921  0.52941176470588236     
        1922  0.51612903225806450     
        1923  0.66666666666666663     
        1924  0.51923076923076927     
        1925  0.52000000000000002     
        1926  0.55555555555555558     
        1927  0.51219512195121952     
        1928  0.62500000000000000     
        1929  0.66666666666666663     
        1930  0.59999999999999998     
        1931   1.0000000000000000     
        1932  0.52173913043478259     
        1933   1.0000000000000000     
        1934   1.0000000000000000     
        1935  0.53333333333333333     
        1936  0.52272727272727271     
        1937  0.53846153846153844     
        1938  0.52631578947368418     
        1939  0.57142857142857140     
        1940  0.55000000000000004     
        1941  0.66666666666666663     
        1942   1.0000000000000000     
        1943  0.51724137931034486     
        1944  0.51851851851851849     
        1945  0.59999999999999998     
        1946  0.57142857142857140     
        1947  0.54545454545454541     
        1948  0.75000000000000000     
        1949   1.0000000000000000     
        1950  0.52000000000000002     
        1951   1.0000000000000000     
        1952  0.53125000000000000     
        1953  0.52380952380952384     
        1954   1.0000000000000000     
        1955  0.52173913043478259     
        1956  0.58333333333333337     
        1957  0.52631578947368418     
        1958  0.54545454545454541     
        1959  0.66666666666666663     
        1960  0.52500000000000002     
        1961  0.51351351351351349     
        1962  0.55555555555555558     
        1963  0.53846153846153844     
        1964  0.75000000000000000     
        1965  0.53333333333333333     
        1966   1.0000000000000000     
        1967  0.57142857142857140     
        1968  0.52083333333333337     
        1969  0.54545454545454541     
        1970  0.59999999999999998     
        1971  0.51851851851851849     
        1972  0.52941176470588236     
        1973   1.0000000000000000     
        1974  0.52380952380952384     
        1975  0.52000000000000002     
        1976  0.51923076923076927     
        1977  0.66666666666666663     
        1978  0.52173913043478259     
        1979   1.0000000000000000     
        1980  0.52272727272727271     
        1981  0.57142857142857140     
        1982   1.0000000000000000     
        1983  0.66666666666666663     
        1984  0.53125000000000000     
        1985  0.59999999999999998     
        1986  0.66666666666666663     
        1987   1.0000000000000000     
        1988  0.53571428571428570     
        1989  0.52941176470588236     
        1990  0.59999999999999998     
        1991  0.54545454545454541     
        1992  0.54166666666666663     
        1993   1.0000000000000000     
        1994   1.0000000000000000     
        1995  0.52380952380952384     
        1996  0.75000000000000000     
        1997   1.0000000000000000     
        1998  0.51851851851851849     
        1999   1.0000000000000000     
        2000  0.52000000000000002     
        2001  0.52173913043478259     
