27
64
108
125
125
125
125
125
125
216
216
343
343
343
343
343
343
343
343
432
432
432
432
432
432
432
432
432
432
432
432
432
432
432
432
432
432
432
432
729
729
729
729
729
729
729
1000
1000
1000
1000
1000
1000
1000
1000
1000
1000
1000
1000
1000
1000
1000
1000
1000
1000
1000
1024
1024
1024
1024
1024
1024
1024
1024
1024
1024
1024
1024
1024
1331
1331
1331
1331
1331
1331
1331
1331
1331
1331
1331
1331
125
343
432
432
729
1000
1000
1024
1331
1728
1728
1728
2000
2000
2000
2000
2000
2000
2916
3375
3375
3375
3375
3375
3375
3456
3456
3456
3456
3456
3456
4913
4913
4913
4913
4913
5488
5488
5488
5488
5488
5488
5488
5488
5488
5488
5488
5488
5488
6859
6859
6859
6859
8000
8000
8000
8000
8000
8000
8000
8000
8000
8192
8192
8192
8192
8192
8192
8192
8192
8192
8192
8192
10648
10648
10648
10648
10648
10648
10648
10648
10648
10648
11664
11664
11664
11664
11664
11664
11664
1331
2000
3456
4913
5488
8000
8192
8192
10648
11664
13824
15625
16000
16000
16000
19683
21296
21296
21296
27000
27000
27000
27648
27648
27648
32768
32768
35152
35152
35152
35152
35152
39304
39304
42875
42875
43904
43904
43904
50653
50653
50653
54000
54000
54000
54000
54000
54000
54000
59319
64000
64000
64000
64000
65536
65536
65536
65536
65536
74088
74088
74088
78608
78608
78608
78608
78608
78608
78608
78608
78608
85184
91125
91125
91125
91125
91125
93312
93312
93312
93312
93312
93312
93312
103823
103823
103823
103823
109744
109744
