4
8
10
10
10
10
10
10
10
16
16
20
20
20
20
20
20
20
20
22
22
22
22
22
22
22
22
22
22
22
22
22
22
22
22
22
22
22
22
35
35
35
35
35
35
35
47
47
47
47
47
47
47
47
47
47
47
47
47
47
47
47
47
47
47
45
45
45
45
45
45
45
45
45
45
45
45
45
56
56
56
56
56
56
56
56
56
56
56
56
10
20
22
22
35
47
47
45
56
72
72
72
73
73
73
73
73
73
110
120
120
120
120
120
120
119
119
119
119
119
119
165
165
165
165
165
172
172
172
172
172
172
172
172
172
172
172
172
172
220
220
220
220
256
256
256
256
256
256
256
256
256
249
249
249
249
249
249
249
249
249
249
249
328
328
328
328
328
328
328
328
328
328
335
335
335
335
335
335
335
56
73
119
165
172
256
249
249
328
335
413
455
451
451
451
560
578
578
578
752
752
752
741
741
741
897
897
917
917
917
917
917
1059
1059
1140
1140
1135
1135
1135
1330
1330
1330
1368
1368
1368
1368
1368
1368
1368
1540
1661
1661
1661
1661
1649
1649
1649
1649
1649
1903
1903
1903
1947
1947
1947
1947
1947
1947
1947
1947
1947
2168
2300
2300
2300
2300
2300
2299
2299
2299
2299
2299
2299
2299
2600
2600
2600
2600
2670
2670
