32
32
32
64
81
100
100
121
121
169
169
196
196
225
225
225
225
225
256
256
289
289
289
289
289
289
361
361
361
361
361
361
361
432
432
432
432
432
432
500
500
578
578
578
605
605
675
675
675
675
675
675
675
675
675
675
675
675
675
675
675
800
800
845
845
864
864
864
864
864
864
882
882
882
882
882
882
882
882
882
972
972
972
972
972
972
972
972
1014
1014
144
225
361
432
605
675
800
882
972
1176
1323
1323
1458
1536
1728
1800
1800
1944
2178
2400
2400
2400
2592
2700
2700
2904
3042
3125
3267
3380
3703
3844
3844
3888
3888
3920
4205
4205
4375
4563
4563
4732
4805
4805
5120
5292
5292
5476
5476
5780
5780
5780
6075
6084
6125
6400
6480
6480
6724
6724
6724
7056
7056
7220
7220
7396
7605
7605
7803
7803
7803
8100
8100
8405
8405
8405
8575
8649
8820
8820
9245
9245
9245
9604
9604
9747
9747
9747
10000
10125
1014
2000
3042
4205
5120
6084
7056
8100
9245
11045
12005
13005
14400
15125
16245
17405
18000
19044
21125
22188
23120
24200
25205
26136
27040
28125
29575
31104
32000
33327
34445
35280
36125
37303
38332
39204
41405
42320
43245
44180
45125
46080
47045
48020
49392
51772
52488
53290
54208
55112
56448
57132
58806
59248
61852
62410
63175
64512
65219
66150
67228
68607
69192
71407
72200
73728
74263
75272
76050
77175
78408
80000
81356
82134
83167
84375
85184
86247
87131
88200
89383
91592
92160
