5
5
5
10
12
14
14
16
16
21
21
24
24
27
27
27
27
27
30
30
33
33
33
33
33
33
40
40
40
40
40
40
40
49
49
49
49
49
49
58
58
66
66
66
68
68
72
72
72
72
72
72
72
72
72
72
72
72
72
72
72
88
88
91
91
91
91
91
91
91
91
85
85
85
85
85
85
85
85
85
100
100
100
100
100
100
100
100
105
105
19
27
40
49
68
72
88
85
100
120
132
132
136
153
169
166
166
190
199
231
231
231
254
256
256
276
274
299
306
322
356
368
368
361
361
370
395
395
416
420
420
448
448
448
476
484
484
513
513
534
534
534
552
548
564
595
597
597
623
623
623
632
632
660
660
682
695
695
702
702
702
722
722
763
763
763
786
800
801
801
836
836
836
875
875
870
870
870
910
914
105
198
274
395
476
548
632
722
836
992
1075
1163
1262
1344
1442
1540
1593
1658
1859
1980
2030
2156
2208
2280
2412
2459
2596
2703
2788
2919
2996
3069
3139
3256
3344
3434
3588
3666
3746
3824
3904
3987
4067
4150
4288
4488
4540
4662
4695
4802
4876
5005
5052
5123
5344
5440
5456
5572
5668
5724
5800
5919
6003
6154
6256
6389
6396
6517
6633
6645
6786
6919
7040
7023
7150
7334
7365
7413
7530
7564
7676
7902
7925
