               1               1
               2               3
               3               5
               4              11
               5               7
               6              15
               7               9
               8              31
               9              18
              10              21
              11              13
              12              55
              13              15
              14              27
              15              35
              16              75
              17              19
              18              54
              19              21
              20              77
              21              45
              22              39
              23              25
              24             155
              25              38
              26              45
              27              58
              28              99
              29              31
              30             105
              31              33
              32             167
              33              65
              34              57
              35              63
              36             198
              37              39
              38              63
              39              75
              40             217
              41              43
              42             135
              43              45
              44             143
              45             126
              46              75
              47              49
              48             375
              49              66
              50             114
              51              95
              52             165
              53              55
              54             174
              55              91
              56             279
              57             105
              58              93
              59              61
              60             385
              61              63
              62              99
              63             162
              64             355
              65             105
              66             195
              67              69
              68             209
              69             125
              70             189
              71              73
              72             558
              73              75
              74             117
              75             190
              76             231
              77             117
              78             225
              79              81
              80             525
              81             179
              82             129
              83              85
              84             495
              85             133
              86             135
              87             155
              88             403
              89              91
              90             378
              91             135
              92             275
              93             165
              94             147
              95             147
              96             835
              97              99
              98             198
              99             234
             100             418
             101             103
             102             285
             103             105
             104             465
             105             315
             106             165
             107             109
             108             638
             109             111
             110             273
             111             195
             112             675
             113             115
             114             315
             115             175
             116             341
             117             270
             118             183
             119             171
             120            1085
             121             146
             122             189
             123             215
             124             363
             125             194
             126             486
             127             129
             128             735
             129             225
             130             315
             131             133
             132             715
             133             189
             134             207
             135             406
             136             589
             137             139
             138             375
             139             141
             140             693
             141             245
             142             219
             143             195
             144            1350
             145             217
             146             225
             147             330
             148             429
             149             151
             150             570
             151             153
             152             651
             153             342
             154             351
             155             231
             156             825
             157             159
             158             243
             159             275
             160            1169
             161             225
             162             537
             163             165
             164             473
             165             455
             166             255
             167             169
             168            1395
             169             198
             170             399
             171             378
             172             495
             173             175
             174             465
             175             342
             176             975
             177             305
             178             273
             179             181
             180            1386
             181             183
             182             405
             183             315
             184             775
             185             273
             186             495
             187             247
             188             539
             189             522
             190             441
             191             193
             192            1775
             193             195
             194             297
             195             525
             196             726
             197             199
             198             702
             199             201
             200            1178
             201             345
             202             309
             203             279
             204            1045
             205             301
             206             315
             207             450
             208            1125
             209             273
             210             945
             211             213
             212             605
             213             365
             214             327
             215             315
             216            1798
             217             297
             218             333
             219             375
             220            1001
             221             285
             222             585
             223             225
             224            1503
             225             684
             226             345
             227             229
             228            1155
             229             231
             230             525
             231             585
             232             961
             233             235
             234             810
             235             343
             236             671
             237             405
             238             513
             239             241
             240            2625
             241             243
             242             438
             243             543
             244             693
             245             462
             246             645
             247             315
             248            1023
             249             425
             250             582
             251             253
             252            1782
             253             325
             254             387
             255             665
             256            1499
             257             259
             258             675
             259             351
             260            1155
             261             558
             262             399
             263             265
             264            2015
             265             385
             266             567
             267             455
             268             759
             269             271
             270            1218
             271             273
             272            1425
             273             675
             274             417
             275             494
             276            1375
             277             279
             278             423
             279             594
             280            1953
             281             283
             282             735
             283             285
             284             803
             285             735
             286             585
             287             387
             288            3006
             289             326
             290             651
             291             495
             292             825
             293             295
             294             990
             295             427
             296            1209
             297             754
             298             453
             299             375
             300            2090
             301             405
             302             459
             303             515
             304            1575
             305             441
             306            1026
             307             309
             308            1287
             309             525
             310             693
             311             313
             312            2325
             313             315
             314             477
             315            1134
             316             891
             317             319
             318             825
             319             403
             320            2485
             321             545
             322             675
             323             399
             324            1969
             325             570
             326             495
             327             555
             328            1333
             329             441
             330            1365
             331             333
             332             935
             333             702
             334             507
             335             483
             336            3375
             337             339
             338             594
             339             575
             340            1463
             341             429
             342            1134
             343             466
             344            1395
             345             875
             346             525
             347             349
             348            1705
             349             351
             350            1026
             351             870
             352            2171
             353             355
             354             915
             355             511
             356            1001
             357             855
             358             543
             359             361
             360            3906
             361             402
             362             549
             363             730
             364            1485
             365             525
             366             945
             367             369
             368            1875
             369             774
             370             819
             371             495
             372            1815
             373             375
             374             741
             375             970
             376            1519
             377             465
             378            1566
             379             381
             380            1617
             381             645
             382             579
             383             385
             384            3675
             385             819
             386             585
             387             810
             388            1089
             389             391
             390            1575
             391             475
             392            2046
             393             665
             394             597
             395             567
             396            2574
             397             399
             398             603
             399             945
             400            2850
             401             403
             402            1035
             403             495
             404            1133
             405            1253
             406             837
             407             507
             408            2945
             409             411
             410             903
             411             695
             412            1155
             413             549
             414            1350
             415             595
             416            2505
             417             705
             418             819
             419             421
             420            3465
             421             423
             422             639
             423             882
             424            1705
             425             722
             426            1095
             427             567
             428            1199
             429             975
             430             945
             431             433
             432            4350
             433             435
             434             891
             435            1085
             436            1221
             437             525
             438            1125
             439             441
             440            2821
             441            1188
             442             855
             443             445
             444            2145
             445             637
             446             675
             447             755
             448            3195
             449             451
             450            2052
             451             559
             452            1265
             453             765
             454             687
             455             945
             456            3255
             457             459
             458             693
             459            1102
             460            1925
             461             463
             462            1755
             463             465
             464            2325
             465            1155
             466             705
             467             469
             468            2970
             469             621
             470            1029
             471             795
             472            1891
             473             585
             474            1215
             475             798
             476            1881
             477             990
             478             723
             479             481
             480            5845
             481             585
             482             729
             483            1125
             484            1606
             485             693
             486            1629
             487             489
             488            1953
             489             825
             490            1386
             491             493
             492            2365
             493             589
             494             945
             495            1638
             496            2475
             497             657
             498            1275
             499             501
             500            2134
             501             845
             502             759
             503             505
             504            5022
             505             721
             506             975
             507             990
             508            1419
             509             511
             510            1995
             511             675
             512            3031
             513            1218
             514             777
             515             735
             516            2475
             517             637
             518            1053
             519             875
             520            3255
             521             523
             522            1674
             523             525
             524            1463
             525            1710
             526             795
             527             627
             528            4875
             529             578
             530            1155
             531            1098
             532            2079
             533             645
             534            1365
             535             763
             536            2139
             537             905
             538             813
             539             858
             540            4466
             541             543
             542             819
             543             915
             544            3173
             545             777
             546            2025
             547             549
             548            1529
             549            1134
             550            1482
             551             651
             552            3875
             553             729
             554             837
             555            1365
             556            1551
             557             559
             558            1782
             559             675
             560            4725
             561            1235
             562             849
             563             565
             564            2695
             565             805
             566             855
             567            1611
             568            2263
             569             571
             570            2205
             571             573
             572            2145
             573             965
             574            1161
             575             950
             576            6390
             577             579
             578             978
             579             975
             580            2387
             581             765
             582            1485
             583             715
             584            2325
             585            1890
             586             885
             587             589
             588            3630
             589             693
             590            1281
             591             995
             592            2925
             593             595
             594            2262
             595            1197
             596            1661
             597            1005
             598            1125
             599             601
             600            5890
             601             603
             602            1215
             603            1242
             604            1683
             605            1022
             606            1545
             607             609
             608            3507
             609            1395
             610            1323
             611             735
             612            3762
             613             615
             614             927
             615            1505
             616            3627
             617             619
             618            1575
             619             621
             620            2541
             621            1450
             622             939
             623             819
             624            5625
             625             975
             626             945
             627            1365
             628            1749
             629             741
             630            3402
             631             633
             632            2511
             633            1065
             634             957
             635             903
             636            3025
             637             990
             638            1209
             639            1314
             640            5145
             641             643
             642            1635
             643             645
             644            2475
             645            1575
             646            1197
             647             649
             648            5549
             649             793
             650            1710
             651            1485
             652            1815
             653             655
             654            1665
             655             931
             656            3225
             657            1350
             658            1323
             659             661
             660            5005
             661             663
             662             999
             663            1425
             664            2635
             665            1323
             666            2106
             667             775
             668            1859
             669            1125
             670            1449
             671             819
             672            7515
             673             675
             674            1017
             675            2204
             676            2178
             677             679
             678            1725
             679             891
             680            4123
             681            1145
             682            1287
             683             685
             684            4158
             685             973
             686            1398
             687            1155
             688            3375
             689             825
             690            2625
             691             693
             692            1925
             693            2106
             694            1047
             695             987
             696            4805
             697             817
             698            1053
             699            1175
             700            3762
             701             703
             702            2610
             703             819
             704            4615
             705            1715
             706            1065
             707             927
             708            3355
             709             711
             710            1533
             711            1458
             712            2821
             713             825
             714            2565
             715            1365
             716            1991
             717            1205
             718            1083
             719             721
             720            9450
             721             945
             722            1206
             723            1215
             724            2013
             725            1178
             726            2190
             727             729
             728            4185
             729            1636
             730            1575
             731             855
             732            3465
             733             735
             734            1107
             735            2310
             736            4175
             737             897
             738            2322
             739             741
             740            3003
             741            1575
             742            1485
             743             745
             744            5115
             745            1057
             746            1125
             747            1530
             748            2717
             749             981
             750            2910
             751             753
             752            3675
             753            1265
             754            1395
             755            1071
             756            5742
             757             759
             758            1143
             759            1625
             760            4557
             761             763
             762            1935
             763             999
             764            2123
             765            2394
             766            1155
             767             915
             768            7495
             769             771
             770            2457
             771            1295
             772            2145
             773             775
             774            2430
             775            1254
             776            3069
             777            1755
             778            1173
             779             903
             780            5775
             781             949
             782            1425
             783            1798
             784            4950
             785            1113
             786            1995
             787             789
             788            2189
             789            1325
             790            1701
             791            1035
             792            7254
             793             945
             794            1197
             795            1925
             796            2211
             797             799
             798            2835
             799             931
             800            6346
             801            1638
             802            1209
             803             975
             804            3795
             805            1575
             806            1485
             807            1355
             808            3193
             809             811
             810            3759
             811             813
             812            3069
             813            1365
             814            1521
             815            1155
             816            7125
             817             945
             818            1233
             819            2430
             820            3311
             821             823
             822            2085
             823             825
             824            3255
             825            2470
             826            1647
             827             829
             828            4950
             829             831
             830            1785
             831            1395
             832            5325
             833            1254
             834            2115
             835            1183
             836            3003
             837            1914
             838            1263
             839             841
             840            9765
             841             902
             842            1269
             843            1415
             844            2343
             845            1386
             846            2646
             847            1314
             848            4125
             849            1425
             850            2166
             851             975
             852            4015
             853             855
             854            1701
             855            2646
             856            3379
             857             859
             858            2925
             859             861
             860            3465
             861            1935
             862            1299
             863             865
             864            9686
             865            1225
             866            1305
             867            1630
             868            3267
             869            1053
             870            3255
             871            1035
             872            3441
             873            1782
             874            1575
             875            1746
             876            4125
             877             879
             878            1323
             879            1475
             880            6825
             881             883
             882            3564
             883             885
             884            3135
             885            2135
             886            1335
             887             889
             888            6045
             889            1161
             890            1911
             891            2327
             892            2475
             893            1029
             894            2265
             895            1267
             896            6615
             897            1875
             898            1353
             899            1023
             900            7524
             901            1045
             902            1677
             903            2025
             904            3565
             905            1281
             906            2295
             907             909
             908            2519
             909            1854
             910            2835
             911             913
             912            7875
             913            1105
             914            1377
             915            2205
             916            2541
             917            1197
             918            3306
             919             921
             920            5425
             921            1545
             922            1389
             923            1095
             924            6435
             925            1482
             926            1395
             927            1890
             928            5177
             929             931
             930            3465
             931            1386
             932            2585
             933            1565
             934            1407
             935            1729
             936            8370
             937             939
             938            1863
             939            1575
             940            3773
             941             943
             942            2385
             943            1075
             944            4575
             945            3654
             946            1755
             947             949
             948            4455
             949            1125
             950            2394
             951            1595
             952            5301
             953             955
             954            2970
             955            1351
             956            2651
             957            2015
             958            1443
             959            1251
             960           12425
             961            1026
             962            1755
             963            1962
             964            2673
             965            1365
             966            3375
             967             969
             968            4526
             969            1995
             970            2079
             971             973
             972            5973
             973            1269
             974            1467
             975            2850
             976            4725
             977             979
             978            2475
             979            1183
             980            5082
             981            1998
             982            1479
             983             985
             984            6665
             985            1393
             986            1767
             987            2205
             988            3465
             989            1125
             990            4914
             991             993
             992            5511
             993            1665
             994            1971
             995            1407
             996            4675
             997             999
             998            1503
             999            2262
            1000            6014
            1001            1755
            1002            2535
            1003            1159
            1004            2783
            1005            2415
            1006            1515
            1007            1155
            1008           12150
            1009            1011
            1010            2163
            1011            1695
            1012            3575
            1013            1015
            1014            2970
            1015            1953
            1016            3999
            1017            2070
            1018            1533
            1019            1021
            1020            7315
            1021            1023
            1022            2025
            1023            2145
            1024            6099
            1025            1634
            1026            3654
            1027            1215
            1028            2849
            1029            2330
            1030            2205
            1031            1033
            1032            6975
            1033            1035
            1034            1911
            1035            3150
            1036            3861
            1037            1197
            1038            2625
            1039            1041
            1040            7875
            1041            1745
            1042            1569
            1043            1359
            1044            6138
            1045            1911
            1046            1575
            1047            1755
            1048            4123
            1049            1051
            1050            5130
            1051            1053
            1052            2915
            1053            2685
            1054            1881
            1055            1491
            1056           10855
            1057            1377
            1058            1734
            1059            1775
            1060            4235
            1061            1063
            1062            3294
            1063            1065
            1064            5859
            1065            2555
            1066            1935
            1067            1287
            1068            5005
            1069            1071
            1070            2289
            1071            3078
            1072            5175
            1073            1209
            1074            2715
            1075            1710
            1076            2981
            1077            1805
            1078            2574
            1079            1275
            1080           12586
            1081            1225
            1082            1629
            1083            2010
            1084            3003
            1085            2079
            1086            2745
            1087            1089
            1088            6745
            1089            2628
            1090            2331
            1091            1093
            1092            7425
            1093            1095
            1094            1647
            1095            2625
            1096            4309
            1097            1099
            1098            3402
            1099            1431
            1100            5434
            1101            1845
            1102            1953
            1103            1105
            1104            9375
            1105            1995
            1106            2187
            1107            2494
            1108            3069
            1109            1111
            1110            4095
            1111            1339
            1112            4371
            1113            2475
            1114            1677
            1115            1575
            1116            6534
            1117            1119
            1118            2025
            1119            1875
            1120           10521
            1121            1281
            1122            3705
            1123            1125
            1124            3113
            1125            3492
            1126            1695
            1127            1650
            1128            7595
            1129            1131
            1130            2415
            1131            2325
            1132            3135
            1133            1365
            1134            4833
            1135            1603
            1136            5475
            1137            1905
            1138            1713
            1139            1311
            1140            8085
            1141            1485
            1142            1719
            1143            2322
            1144            6045
            1145            1617
            1146            2895
            1147            1287
            1148            4257
            1149            1925
            1150            2850
            1151            1153
            1152           13230
            1153            1155
            1154            1737
            1155            4095
            1156            3586
            1157            1365
            1158            2925
            1159            1323
            1160            6727
            1161            2610
            1162            2295
            1163            1165
            1164            5445
            1165            1645
            1166            2145
            1167            1955
            1168            5625
            1169            1521
            1170            5670
            1171            1173
            1172            3245
            1173            2375
            1174            1767
            1175            1862
            1176           10230
            1177            1417
            1178            2079
            1179            2394
            1180            4697
            1181            1183
            1182            2985
            1183            1782
            1184            6513
            1185            2835
            1186            1785
            1187            1189
            1188            8294
            1189            1333
            1190            3591
            1191            1995
            1192            4681
            1193            1195
            1194            3015
            1195            1687
            1196            4125
            1197            3402
            1198            1803
            1199            1443
            1200           14250
            1201            1203
            1202            1809
            1203            2015
            1204            4455
            1205            1701
            1206            3726
            1207            1387
            1208            4743
            1209            2475
            1210            3066
            1211            1575
            1212            5665
            1213            1215
            1214            1827
            1215            3801
            1216            7455
            1217            1219
            1218            4185
            1219            1375
            1220            4851
            1221            2535
            1222            2205
            1223            1225
            1224           10602
            1225            2508
            1226            1845
            1227            2055
            1228            3399
            1229            1231
            1230            4515
            1231            1233
            1232            8775
            1233            2502
            1234            1857
            1235            2205
            1236            5775
            1237            1239
            1238            1863
            1239            2745
            1240            7161
            1241            1425
            1242            4350
            1243            1495
            1244            3443
            1245            2975
            1246            2457
            1247            1395
            1248           12525
            1249            1251
            1250            2925
            1251            2538
            1252            3465
            1253            1629
            1254            4095
            1255            1771
            1256            4929
            1257            2105
            1258            2223
            1259            1261
            1260           12474
            1261            1485
            1262            1899
            1263            2115
            1264            6075
            1265            2275
            1266            3195
            1267            1647
            1268            3509
            1269            2842
            1270            2709
            1271            1419
            1272            8525
            1273            1449
            1274            2970
            1275            3610
            1276            4433
            1277            1279
            1278            3942
            1279            1281
            1280           10493
            1281            2835
            1282            1929
            1283            1285
            1284            5995
            1285            1813
            1286            1935
            1287            3510
            1288            6975
            1289            1291
            1290            4725
            1291            1293
            1292            4389
            1293            2165
            1294            1947
            1295            2457
            1296           13425
            1297            1299
            1298            2379
            1299            2175
            1300            6270
            1301            1303
            1302            4455
            1303            1305
            1304            5115
            1305            3906
            1306            1965
            1307            1309
            1308            6105
            1309            2223
            1310            2793
            1311            2625
            1312            7181
            1313            1545
            1314            4050
            1315            1855
            1316            4851
            1317            2205
            1318            1983
            1319            1321
            1320           14105
            1321            1323
            1322            1989
            1323            3828
            1324            3663
            1325            2090
            1326            4275
            1327            1329
            1328            6375
            1329            2225
            1330            3969
            1331            1610
            1332            7722
            1333            1485
            1334            2325
            1335            3185
            1336            5239
            1337            1737
            1338            3375
            1339            1575
            1340            5313
            1341            2718
            1342            2457
            1343            1539
            1344           15975
            1345            1897
            1346            2025
            1347            2255
            1348            3729
            1349            1533
            1350            6612
            1351            1755
            1352            6138
            1353            2795
            1354            2037
            1355            1911
            1356            6325
            1357            1525
            1358            2673
            1359            2754
            1360            9975
            1361            1363
            1362            3435
            1363            1519
            1364            4719
            1365            4725
            1366            2055
            1367            1369
            1368           11718
            1369            1446
            1370            2919
            1371            2295
            1372            5126
            1373            1375
            1374            3465
            1375            2522
            1376            7515
            1377            3401
            1378            2475
            1379            1791
            1380            9625
            1381            1383
            1382            2079
            1383            2315
            1384            5425
            1385            1953
            1386            6318
            1387            1575
            1388            3839
            1389            2325
            1390            2961
            1391            1635
            1392           11625
            1393            1809
            1394            2451
            1395            4158
            1396            3861
            1397            1677
            1398            3525
            1399            1401
            1400           10602
            1401            2345
            1402            2109
            1403            1575
            1404            9570
            1405            1981
            1406            2457
            1407            3105
            1408            9555
            1409            1411
            1410            5145
            1411            1615
            1412            3905
            1413            2862
            1414            2781
            1415            1995
            1416            9455
            1417            1665
            1418            2133
            1419            2925
            1420            5621
            1421            2046
            1422            4374
            1423            1425
            1424            6825
            1425            3990
            1426            2475
            1427            1429
            1428            9405
            1429            1431
            1430            4095
            1431            3190
            1432            5611
            1433            1435
            1434            3615
            1435            2709
            1436            3971
            1437            2405
            1438            2163
            1439            1441
            1440           21042
            1441            1729
            1442            2835
            1443            2925
            1444            4422
            1445            2282
            1446            3645
            1447            1449
            1448            5673
            1449            4050
            1450            3534
            1451            1453
            1452            8030
            1453            1455
            1454            2187
            1455            3465
            1456           10125
            1457            1617
            1458            4908
            1459            1461
            1460            5775
            1461            2445
            1462            2565
            1463            2457
            1464            9765
            1465            2065
            1466            2205
            1467            2970
            1468            4059
            1469            1725
            1470            6930
            1471            1473
            1472            8875
            1473            2465
            1474            2691
            1475            2318
            1476            8514
            1477            1917
            1478            2223
            1479            2945
            1480            8463
            1481            1483
            1482            4725
            1483            1485
            1484            5445
            1485            5278
            1486            2235
            1487            1489
            1488           12375
            1489            1491
            1490            3171
            1491            3285
            1492            4125
            1493            1495
            1494            4590
            1495            2625
            1496            7657
            1497            2505
            1498            2943
            1499            1501
            1500           10670
