               1               1
               2               1
               3               1
               4               3
               5               1
               6               1
               7               1
               8               5
               9               2
              10               1
              11               1
              12               3
              13               1
              14               1
              15               1
              16               7
              17               1
              18               2
              19               1
              20               3
              21               1
              22               1
              23               1
              24               5
              25               2
              26               1
              27               2
              28               3
              29               1
              30               1
              31               1
              32               9
              33               1
              34               1
              35               1
              36               6
              37               1
              38               1
              39               1
              40               5
              41               1
              42               1
              43               1
              44               3
              45               2
              46               1
              47               1
              48               7
              49               2
              50               2
              51               1
              52               3
              53               1
              54               2
              55               1
              56               5
              57               1
              58               1
              59               1
              60               3
              61               1
              62               1
              63               2
              64              11
              65               1
              66               1
              67               1
              68               3
              69               1
              70               1
              71               1
              72              10
              73               1
              74               1
              75               2
              76               3
              77               1
              78               1
              79               1
              80               7
              81               3
              82               1
              83               1
              84               3
              85               1
              86               1
              87               1
              88               5
              89               1
              90               2
              91               1
              92               3
              93               1
              94               1
              95               1
              96               9
              97               1
              98               2
              99               2
             100               6
             101               1
             102               1
             103               1
             104               5
             105               1
             106               1
             107               1
             108               6
             109               1
             110               1
             111               1
             112               7
             113               1
             114               1
             115               1
             116               3
             117               2
             118               1
             119               1
             120               5
             121               2
             122               1
             123               1
             124               3
             125               2
             126               2
             127               1
             128              13
             129               1
             130               1
             131               1
             132               3
             133               1
             134               1
             135               2
             136               5
             137               1
             138               1
             139               1
             140               3
             141               1
             142               1
             143               1
             144              14
             145               1
             146               1
             147               2
             148               3
             149               1
             150               2
             151               1
             152               5
             153               2
             154               1
             155               1
             156               3
             157               1
             158               1
             159               1
             160               9
             161               1
             162               3
             163               1
             164               3
             165               1
             166               1
             167               1
             168               5
             169               2
             170               1
             171               2
             172               3
             173               1
             174               1
             175               2
             176               7
             177               1
             178               1
             179               1
             180               6
             181               1
             182               1
             183               1
             184               5
             185               1
             186               1
             187               1
             188               3
             189               2
             190               1
             191               1
             192              11
             193               1
             194               1
             195               1
             196               6
             197               1
             198               2
             199               1
             200              10
             201               1
             202               1
             203               1
             204               3
             205               1
             206               1
             207               2
             208               7
             209               1
             210               1
             211               1
             212               3
             213               1
             214               1
             215               1
             216              10
             217               1
             218               1
             219               1
             220               3
             221               1
             222               1
             223               1
             224               9
             225               4
             226               1
             227               1
             228               3
             229               1
             230               1
             231               1
             232               5
             233               1
             234               2
             235               1
             236               3
             237               1
             238               1
             239               1
             240               7
             241               1
             242               2
             243               3
             244               3
             245               2
             246               1
             247               1
             248               5
             249               1
             250               2
             251               1
             252               6
             253               1
             254               1
             255               1
             256              15
             257               1
             258               1
             259               1
             260               3
             261               2
             262               1
             263               1
             264               5
             265               1
             266               1
             267               1
             268               3
             269               1
             270               2
             271               1
             272               7
             273               1
             274               1
             275               2
             276               3
             277               1
             278               1
             279               2
             280               5
             281               1
             282               1
             283               1
             284               3
             285               1
             286               1
             287               1
             288              18
             289               2
             290               1
             291               1
             292               3
             293               1
             294               2
             295               1
             296               5
             297               2
             298               1
             299               1
             300               6
             301               1
             302               1
             303               1
             304               7
             305               1
             306               2
             307               1
             308               3
             309               1
             310               1
             311               1
             312               5
             313               1
             314               1
             315               2
             316               3
             317               1
             318               1
             319               1
             320              11
             321               1
             322               1
             323               1
             324               9
             325               2
             326               1
             327               1
             328               5
             329               1
             330               1
             331               1
             332               3
             333               2
             334               1
             335               1
             336               7
             337               1
             338               2
             339               1
             340               3
             341               1
             342               2
             343               2
             344               5
             345               1
             346               1
             347               1
             348               3
             349               1
             350               2
             351               2
             352               9
             353               1
             354               1
             355               1
             356               3
             357               1
             358               1
             359               1
             360              10
             361               2
             362               1
             363               2
             364               3
             365               1
             366               1
             367               1
             368               7
             369               2
             370               1
             371               1
             372               3
             373               1
             374               1
             375               2
             376               5
             377               1
             378               2
             379               1
             380               3
             381               1
             382               1
             383               1
             384              13
             385               1
             386               1
             387               2
             388               3
             389               1
             390               1
             391               1
             392              10
             393               1
             394               1
             395               1
             396               6
             397               1
             398               1
             399               1
             400              14
             401               1
             402               1
             403               1
             404               3
             405               3
             406               1
             407               1
             408               5
             409               1
             410               1
             411               1
             412               3
             413               1
             414               2
             415               1
             416               9
             417               1
             418               1
             419               1
             420               3
             421               1
             422               1
             423               2
             424               5
             425               2
             426               1
             427               1
             428               3
             429               1
             430               1
             431               1
             432              14
             433               1
             434               1
             435               1
             436               3
             437               1
             438               1
             439               1
             440               5
             441               4
             442               1
             443               1
             444               3
             445               1
             446               1
             447               1
             448              11
             449               1
             450               4
             451               1
             452               3
             453               1
             454               1
             455               1
             456               5
             457               1
             458               1
             459               2
             460               3
             461               1
             462               1
             463               1
             464               7
             465               1
             466               1
             467               1
             468               6
             469               1
             470               1
             471               1
             472               5
             473               1
             474               1
             475               2
             476               3
             477               2
             478               1
             479               1
             480               9
             481               1
             482               1
             483               1
             484               6
             485               1
             486               3
             487               1
             488               5
             489               1
             490               2
             491               1
             492               3
             493               1
             494               1
             495               2
             496               7
             497               1
             498               1
             499               1
             500               6
             501               1
             502               1
             503               1
             504              10
             505               1
             506               1
             507               2
             508               3
             509               1
             510               1
             511               1
             512              17
             513               2
             514               1
             515               1
             516               3
             517               1
             518               1
             519               1
             520               5
             521               1
             522               2
             523               1
             524               3
             525               2
             526               1
             527               1
             528               7
             529               2
             530               1
             531               2
             532               3
             533               1
             534               1
             535               1
             536               5
             537               1
             538               1
             539               2
             540               6
             541               1
             542               1
             543               1
             544               9
             545               1
             546               1
             547               1
             548               3
             549               2
             550               2
             551               1
             552               5
             553               1
             554               1
             555               1
             556               3
             557               1
             558               2
             559               1
             560               7
             561               1
             562               1
             563               1
             564               3
             565               1
             566               1
             567               3
             568               5
             569               1
             570               1
             571               1
             572               3
             573               1
             574               1
             575               2
             576              22
             577               1
             578               2
             579               1
             580               3
             581               1
             582               1
             583               1
             584               5
             585               2
             586               1
             587               1
             588               6
             589               1
             590               1
             591               1
             592               7
             593               1
             594               2
             595               1
             596               3
             597               1
             598               1
             599               1
             600              10
             601               1
             602               1
             603               2
             604               3
             605               2
             606               1
             607               1
             608               9
             609               1
             610               1
             611               1
             612               6
             613               1
             614               1
             615               1
             616               5
             617               1
             618               1
             619               1
             620               3
             621               2
             622               1
             623               1
             624               7
             625               3
             626               1
             627               1
             628               3
             629               1
             630               2
             631               1
             632               5
             633               1
             634               1
             635               1
             636               3
             637               2
             638               1
             639               2
             640              13
             641               1
             642               1
             643               1
             644               3
             645               1
             646               1
             647               1
             648              15
             649               1
             650               2
             651               1
             652               3
             653               1
             654               1
             655               1
             656               7
             657               2
             658               1
             659               1
             660               3
             661               1
             662               1
             663               1
             664               5
             665               1
             666               2
             667               1
             668               3
             669               1
             670               1
             671               1
             672               9
             673               1
             674               1
             675               4
             676               6
             677               1
             678               1
             679               1
             680               5
             681               1
             682               1
             683               1
             684               6
             685               1
             686               2
             687               1
             688               7
             689               1
             690               1
             691               1
             692               3
             693               2
             694               1
             695               1
             696               5
             697               1
             698               1
             699               1
             700               6
             701               1
             702               2
             703               1
             704              11
             705               1
             706               1
             707               1
             708               3
             709               1
             710               1
             711               2
             712               5
             713               1
             714               1
             715               1
             716               3
             717               1
             718               1
             719               1
             720              14
             721               1
             722               2
             723               1
             724               3
             725               2
             726               2
             727               1
             728               5
             729               4
             730               1
             731               1
             732               3
             733               1
             734               1
             735               2
             736               9
             737               1
             738               2
             739               1
             740               3
             741               1
             742               1
             743               1
             744               5
             745               1
             746               1
             747               2
             748               3
             749               1
             750               2
             751               1
             752               7
             753               1
             754               1
             755               1
             756               6
             757               1
             758               1
             759               1
             760               5
             761               1
             762               1
             763               1
             764               3
             765               2
             766               1
             767               1
             768              15
             769               1
             770               1
             771               1
             772               3
             773               1
             774               2
             775               2
             776               5
             777               1
             778               1
             779               1
             780               3
             781               1
             782               1
             783               2
             784              14
             785               1
             786               1
             787               1
             788               3
             789               1
             790               1
             791               1
             792              10
             793               1
             794               1
             795               1
             796               3
             797               1
             798               1
             799               1
             800              18
             801               2
             802               1
             803               1
             804               3
             805               1
             806               1
             807               1
             808               5
             809               1
             810               3
             811               1
             812               3
             813               1
             814               1
             815               1
             816               7
             817               1
             818               1
             819               2
             820               3
             821               1
             822               1
             823               1
             824               5
             825               2
             826               1
             827               1
             828               6
             829               1
             830               1
             831               1
             832              11
             833               2
             834               1
             835               1
             836               3
             837               2
             838               1
             839               1
             840               5
             841               2
             842               1
             843               1
             844               3
             845               2
             846               2
             847               2
             848               7
             849               1
             850               2
             851               1
             852               3
             853               1
             854               1
             855               2
             856               5
             857               1
             858               1
             859               1
             860               3
             861               1
             862               1
             863               1
             864              18
             865               1
             866               1
             867               2
             868               3
             869               1
             870               1
             871               1
             872               5
             873               2
             874               1
             875               2
             876               3
             877               1
             878               1
             879               1
             880               7
             881               1
             882               4
             883               1
             884               3
             885               1
             886               1
             887               1
             888               5
             889               1
             890               1
             891               3
             892               3
             893               1
             894               1
             895               1
             896              13
             897               1
             898               1
             899               1
             900              12
             901               1
             902               1
             903               1
             904               5
             905               1
             906               1
             907               1
             908               3
             909               2
             910               1
             911               1
             912               7
             913               1
             914               1
             915               1
             916               3
             917               1
             918               2
             919               1
             920               5
             921               1
             922               1
             923               1
             924               3
             925               2
             926               1
             927               2
             928               9
             929               1
             930               1
             931               2
             932               3
             933               1
             934               1
             935               1
             936              10
             937               1
             938               1
             939               1
             940               3
             941               1
             942               1
             943               1
             944               7
             945               2
             946               1
             947               1
             948               3
             949               1
             950               2
             951               1
             952               5
             953               1
             954               2
             955               1
             956               3
             957               1
             958               1
             959               1
             960              11
             961               2
             962               1
             963               2
             964               3
             965               1
             966               1
             967               1
             968              10
             969               1
             970               1
             971               1
             972               9
             973               1
             974               1
             975               2
             976               7
             977               1
             978               1
             979               1
             980               6
             981               2
             982               1
             983               1
             984               5
             985               1
             986               1
             987               1
             988               3
             989               1
             990               2
             991               1
             992               9
             993               1
             994               1
             995               1
             996               3
             997               1
             998               1
             999               2
            1000              10
            1001               1
            1002               1
            1003               1
            1004               3
            1005               1
            1006               1
            1007               1
            1008              14
            1009               1
            1010               1
            1011               1
            1012               3
            1013               1
            1014               2
            1015               1
            1016               5
            1017               2
            1018               1
            1019               1
            1020               3
            1021               1
            1022               1
            1023               1
            1024              19
            1025               2
            1026               2
            1027               1
            1028               3
            1029               2
            1030               1
            1031               1
            1032               5
            1033               1
            1034               1
            1035               2
            1036               3
            1037               1
            1038               1
            1039               1
            1040               7
            1041               1
            1042               1
            1043               1
            1044               6
            1045               1
            1046               1
            1047               1
            1048               5
            1049               1
            1050               2
            1051               1
            1052               3
            1053               3
            1054               1
            1055               1
            1056               9
            1057               1
            1058               2
            1059               1
            1060               3
            1061               1
            1062               2
            1063               1
            1064               5
            1065               1
            1066               1
            1067               1
            1068               3
            1069               1
            1070               1
            1071               2
            1072               7
            1073               1
            1074               1
            1075               2
            1076               3
            1077               1
            1078               2
            1079               1
            1080              10
            1081               1
            1082               1
            1083               2
            1084               3
            1085               1
            1086               1
            1087               1
            1088              11
            1089               4
            1090               1
            1091               1
            1092               3
            1093               1
            1094               1
            1095               1
            1096               5
            1097               1
            1098               2
            1099               1
            1100               6
            1101               1
            1102               1
            1103               1
            1104               7
            1105               1
            1106               1
            1107               2
            1108               3
            1109               1
            1110               1
            1111               1
            1112               5
            1113               1
            1114               1
            1115               1
            1116               6
            1117               1
            1118               1
            1119               1
            1120               9
            1121               1
            1122               1
            1123               1
            1124               3
            1125               4
            1126               1
            1127               2
            1128               5
            1129               1
            1130               1
            1131               1
            1132               3
            1133               1
            1134               3
            1135               1
            1136               7
            1137               1
            1138               1
            1139               1
            1140               3
            1141               1
            1142               1
            1143               2
            1144               5
            1145               1
            1146               1
            1147               1
            1148               3
            1149               1
            1150               2
            1151               1
            1152              26
            1153               1
            1154               1
            1155               1
            1156               6
            1157               1
            1158               1
            1159               1
            1160               5
            1161               2
            1162               1
            1163               1
            1164               3
            1165               1
            1166               1
            1167               1
            1168               7
            1169               1
            1170               2
            1171               1
            1172               3
            1173               1
            1174               1
            1175               2
            1176              10
            1177               1
            1178               1
            1179               2
            1180               3
            1181               1
            1182               1
            1183               2
            1184               9
            1185               1
            1186               1
            1187               1
            1188               6
            1189               1
            1190               1
            1191               1
            1192               5
            1193               1
            1194               1
            1195               1
            1196               3
            1197               2
            1198               1
            1199               1
            1200              14
            1201               1
            1202               1
            1203               1
            1204               3
            1205               1
            1206               2
            1207               1
            1208               5
            1209               1
            1210               2
            1211               1
            1212               3
            1213               1
            1214               1
            1215               3
            1216              11
            1217               1
            1218               1
            1219               1
            1220               3
            1221               1
            1222               1
            1223               1
            1224              10
            1225               4
            1226               1
            1227               1
            1228               3
            1229               1
            1230               1
            1231               1
            1232               7
            1233               2
            1234               1
            1235               1
            1236               3
            1237               1
            1238               1
            1239               1
            1240               5
            1241               1
            1242               2
            1243               1
            1244               3
            1245               1
            1246               1
            1247               1
            1248               9
            1249               1
            1250               3
            1251               2
            1252               3
            1253               1
            1254               1
            1255               1
            1256               5
            1257               1
            1258               1
            1259               1
            1260               6
            1261               1
            1262               1
            1263               1
            1264               7
            1265               1
            1266               1
            1267               1
            1268               3
            1269               2
            1270               1
            1271               1
            1272               5
            1273               1
            1274               2
            1275               2
            1276               3
            1277               1
            1278               2
            1279               1
            1280              15
            1281               1
            1282               1
            1283               1
            1284               3
            1285               1
            1286               1
            1287               2
            1288               5
            1289               1
            1290               1
            1291               1
            1292               3
            1293               1
            1294               1
            1295               1
            1296              21
            1297               1
            1298               1
            1299               1
            1300               6
            1301               1
            1302               1
            1303               1
            1304               5
            1305               2
            1306               1
            1307               1
            1308               3
            1309               1
            1310               1
            1311               1
            1312               9
            1313               1
            1314               2
            1315               1
            1316               3
            1317               1
            1318               1
            1319               1
            1320               5
            1321               1
            1322               1
            1323               4
            1324               3
            1325               2
            1326               1
            1327               1
            1328               7
            1329               1
            1330               1
            1331               2
            1332               6
            1333               1
            1334               1
            1335               1
            1336               5
            1337               1
            1338               1
            1339               1
            1340               3
            1341               2
            1342               1
            1343               1
            1344              11
            1345               1
            1346               1
            1347               1
            1348               3
            1349               1
            1350               4
            1351               1
            1352              10
            1353               1
            1354               1
            1355               1
            1356               3
            1357               1
            1358               1
            1359               2
            1360               7
            1361               1
            1362               1
            1363               1
            1364               3
            1365               1
            1366               1
            1367               1
            1368              10
            1369               2
            1370               1
            1371               1
            1372               6
            1373               1
            1374               1
            1375               2
            1376               9
            1377               3
            1378               1
            1379               1
            1380               3
            1381               1
            1382               1
            1383               1
            1384               5
            1385               1
            1386               2
            1387               1
            1388               3
            1389               1
            1390               1
            1391               1
            1392               7
            1393               1
            1394               1
            1395               2
            1396               3
            1397               1
            1398               1
            1399               1
            1400              10
            1401               1
            1402               1
            1403               1
            1404               6
            1405               1
            1406               1
            1407               1
            1408              13
            1409               1
            1410               1
            1411               1
            1412               3
            1413               2
            1414               1
            1415               1
            1416               5
            1417               1
            1418               1
            1419               1
            1420               3
            1421               2
            1422               2
            1423               1
            1424               7
            1425               2
            1426               1
            1427               1
            1428               3
            1429               1
            1430               1
            1431               2
            1432               5
            1433               1
            1434               1
            1435               1
            1436               3
            1437               1
            1438               1
            1439               1
            1440              18
            1441               1
            1442               1
            1443               1
            1444               6
            1445               2
            1446               1
            1447               1
            1448               5
            1449               2
            1450               2
