               1               1
               2               1
               3               3
               4               7
               5               3
               6               3
               7               3
               8              19
               9               6
              10               3
              11               3
              12              21
              13               3
              14               3
              15               9
              16              37
              17               3
              18               6
              19               3
              20              21
              21               9
              22               3
              23               3
              24              57
              25               6
              26               3
              27              10
              28              21
              29               3
              30               9
              31               3
              32              61
              33               9
              34               3
              35               9
              36              42
              37               3
              38               3
              39               9
              40              57
              41               3
              42               9
              43               3
              44              21
              45              18
              46               3
              47               3
              48             111
              49               6
              50               6
              51               9
              52              21
              53               3
              54              10
              55               9
              56              57
              57               9
              58               3
              59               3
              60              63
              61               3
              62               3
              63              18
              64              91
              65               9
              66               9
              67               3
              68              21
              69               9
              70               9
              71               3
              72             114
              73               3
              74               3
              75              18
              76              21
              77               9
              78               9
              79               3
              80             111
              81              15
              82               3
              83               3
              84              63
              85               9
              86               3
              87               9
              88              57
              89               3
              90              18
              91               9
              92              21
              93               9
              94               3
              95               9
              96             183
              97               3
              98               6
              99              18
             100              42
             101               3
             102               9
             103               3
             104              57
             105              27
             106               3
             107               3
             108              70
             109               3
             110               9
             111               9
             112             111
             113               3
             114               9
             115               9
             116              21
             117              18
             118               3
             119               9
             120             171
             121               6
             122               3
             123               9
             124              21
             125              10
             126              18
             127               3
             128             127
             129               9
             130               9
             131               3
             132              63
             133               9
             134               3
             135              30
             136              57
             137               3
             138               9
             139               3
             140              63
             141               9
             142               3
             143               9
             144             222
             145               9
             146               3
             147              18
             148              21
             149               3
             150              18
             151               3
             152              57
             153              18
             154               9
             155               9
             156              63
             157               3
             158               3
             159               9
             160             183
             161               9
             162              15
             163               3
             164              21
             165              27
             166               3
             167               3
             168             171
             169               6
             170               9
             171              18
             172              21
             173               3
             174               9
             175              18
             176             111
             177               9
             178               3
             179               3
             180             126
             181               3
             182               9
             183               9
             184              57
             185               9
             186               9
             187               9
             188              21
             189              30
             190               9
             191               3
             192             273
             193               3
             194               3
             195              27
             196              42
             197               3
             198              18
             199               3
             200             114
             201               9
             202               3
             203               9
             204              63
             205               9
             206               3
             207              18
             208             111
             209               9
             210              27
             211               3
             212              21
             213               9
             214               3
             215               9
             216             190
             217               9
             218               3
             219               9
             220              63
             221               9
             222               9
             223               3
             224             183
             225              36
             226               3
             227               3
             228              63
             229               3
             230               9
             231              27
             232              57
             233               3
             234              18
             235               9
             236              21
             237               9
             238               9
             239               3
             240             333
             241               3
             242               6
             243              21
             244              21
             245              18
             246               9
             247               9
             248              57
             249               9
             250              10
             251               3
             252             126
             253               9
             254               3
             255              27
             256             169
             257               3
             258               9
             259               9
             260              63
             261              18
             262               3
             263               3
             264             171
             265               9
             266               9
             267               9
             268              21
             269               3
             270              30
             271               3
             272             111
             273              27
             274               3
             275              18
             276              63
             277               3
             278               3
             279              18
             280             171
             281               3
             282               9
             283               3
             284              21
             285              27
             286               9
             287               9
             288             366
             289               6
             290               9
             291               9
             292              21
             293               3
             294              18
             295               9
             296              57
             297              30
             298               3
             299               9
             300             126
             301               9
             302               3
             303               9
             304             111
             305               9
             306              18
             307               3
             308              63
             309               9
             310               9
             311               3
             312             171
             313               3
             314               3
             315              54
             316              21
             317               3
             318               9
             319               9
             320             273
             321               9
             322               9
             323               9
             324             105
             325              18
             326               3
             327               9
             328              57
             329               9
             330              27
             331               3
             332              21
             333              18
             334               3
             335               9
             336             333
             337               3
             338               6
             339               9
             340              63
             341               9
             342              18
             343              10
             344              57
             345              27
             346               3
             347               3
             348              63
             349               3
             350              18
             351              30
             352             183
             353               3
             354               9
             355               9
             356              21
             357              27
             358               3
             359               3
             360             342
             361               6
             362               3
             363              18
             364              63
             365               9
             366               9
             367               3
             368             111
             369              18
             370               9
             371               9
             372              63
             373               3
             374               9
             375              30
             376              57
             377               9
             378              30
             379               3
             380              63
             381               9
             382               3
             383               3
             384             381
             385              27
             386               3
             387              18
             388              21
             389               3
             390              27
             391               9
             392             114
             393               9
             394               3
             395               9
             396             126
             397               3
             398               3
             399              27
             400             222
             401               3
             402               9
             403               9
             404              21
             405              45
             406               9
             407               9
             408             171
             409               3
             410               9
             411               9
             412              21
             413               9
             414              18
             415               9
             416             183
             417               9
             418               9
             419               3
             420             189
             421               3
             422               3
             423              18
             424              57
             425              18
             426               9
             427               9
             428              21
             429              27
             430               9
             431               3
             432             370
             433               3
             434               9
             435              27
             436              21
             437               9
             438               9
             439               3
             440             171
             441              36
             442               9
             443               3
             444              63
             445               9
             446               3
             447               9
             448             273
             449               3
             450              36
             451               9
             452              21
             453               9
             454               3
             455              27
             456             171
             457               3
             458               3
             459              30
             460              63
             461               3
             462              27
             463               3
             464             111
             465              27
             466               3
             467               3
             468             126
             469               9
             470               9
             471               9
             472              57
             473               9
             474               9
             475              18
             476              63
             477              18
             478               3
             479               3
             480             549
             481               9
             482               3
             483              27
             484              42
             485               9
             486              21
             487               3
             488              57
             489               9
             490              18
             491               3
             492              63
             493               9
             494               9
             495              54
             496             111
             497               9
             498               9
             499               3
             500              70
             501               9
             502               3
             503               3
             504             342
             505               9
             506               9
             507              18
             508              21
             509               3
             510              27
             511               9
             512             217
             513              30
             514               3
             515               9
             516              63
             517               9
             518               9
             519               9
             520             171
             521               3
             522              18
             523               3
             524              21
             525              54
             526               3
             527               9
             528             333
             529               6
             530               9
             531              18
             532              63
             533               9
             534               9
             535               9
             536              57
             537               9
             538               3
             539              18
             540             210
             541               3
             542               3
             543               9
             544             183
             545               9
             546              27
             547               3
             548              21
             549              18
             550              18
             551               9
             552             171
             553               9
             554               3
             555              27
             556              21
             557               3
             558              18
             559               9
             560             333
             561              27
             562               3
             563               3
             564              63
             565               9
             566               3
             567              45
             568              57
             569               3
             570              27
             571               3
             572              63
             573               9
             574               9
             575              18
             576             546
             577               3
             578               6
             579               9
             580              63
             581               9
             582               9
             583               9
             584              57
             585              54
             586               3
             587               3
             588             126
             589               9
             590               9
             591               9
             592             111
             593               3
             594              30
             595              27
             596              21
             597               9
             598               9
             599               3
             600             342
             601               3
             602               9
             603              18
             604              21
             605              18
             606               9
             607               3
             608             183
             609              27
             610               9
             611               9
             612             126
             613               3
             614               3
             615              27
             616             171
             617               3
             618               9
             619               3
             620              63
             621              30
             622               3
             623               9
             624             333
             625              15
             626               3
             627              27
             628              21
             629               9
             630              54
             631               3
             632              57
             633               9
             634               3
             635               9
             636              63
             637              18
             638               9
             639              18
             640             381
             641               3
             642               9
             643               3
             644              63
             645              27
             646               9
             647               3
             648             285
             649               9
             650              18
             651              27
             652              21
             653               3
             654               9
             655               9
             656             111
             657              18
             658               9
             659               3
             660             189
             661               3
             662               3
             663              27
             664              57
             665              27
             666              18
             667               9
             668              21
             669               9
             670               9
             671               9
             672             549
             673               3
             674               3
             675              60
             676              42
             677               3
             678               9
             679               9
             680             171
             681               9
             682               9
             683               3
             684             126
             685               9
             686              10
             687               9
             688             111
             689               9
             690              27
             691               3
             692              21
             693              54
             694               3
             695               9
             696             171
             697               9
             698               3
             699               9
             700             126
             701               3
             702              30
             703               9
             704             273
             705              27
             706               3
             707               9
             708              63
             709               3
             710               9
             711              18
             712              57
             713               9
             714              27
             715              27
             716              21
             717               9
             718               3
             719               3
             720             666
             721               9
             722               6
             723               9
             724              21
             725              18
             726              18
             727               3
             728             171
             729              28
             730               9
             731               9
             732              63
             733               3
             734               3
             735              54
             736             183
             737               9
             738              18
             739               3
             740              63
             741              27
             742               9
             743               3
             744             171
             745               9
             746               3
             747              18
             748              63
             749               9
             750              30
             751               3
             752             111
             753               9
             754               9
             755               9
             756             210
             757               3
             758               3
             759              27
             760             171
             761               3
             762               9
             763               9
             764              21
             765              54
             766               3
             767               9
             768             507
             769               3
             770              27
             771               9
             772              21
             773               3
             774              18
             775              18
             776              57
             777              27
             778               3
             779               9
             780             189
             781               9
             782               9
             783              30
             784             222
             785               9
             786               9
             787               3
             788              21
             789               9
             790               9
             791               9
             792             342
             793               9
             794               3
             795              27
             796              21
             797               3
             798              27
             799               9
             800             366
             801              18
             802               3
             803               9
             804              63
             805              27
             806               9
             807               9
             808              57
             809               3
             810              45
             811               3
             812              63
             813               9
             814               9
             815               9
             816             333
             817               9
             818               3
             819              54
             820              63
             821               3
             822               9
             823               3
             824              57
             825              54
             826               9
             827               3
             828             126
             829               3
             830               9
             831               9
             832             273
             833              18
             834               9
             835               9
             836              63
             837              30
             838               3
             839               3
             840             513
             841               6
             842               3
             843               9
             844              21
             845              18
             846              18
             847              18
             848             111
             849               9
             850              18
             851               9
             852              63
             853               3
             854               9
             855              54
             856              57
             857               3
             858              27
             859               3
             860              63
             861              27
             862               3
             863               3
             864             610
             865               9
             866               3
             867              18
             868              63
             869               9
             870              27
             871               9
             872              57
             873              18
             874               9
             875              30
             876              63
             877               3
             878               3
             879               9
             880             333
             881               3
             882              36
             883               3
             884              63
             885              27
             886               3
             887               3
             888             171
             889               9
             890               9
             891              45
             892              21
             893               9
             894               9
             895               9
             896             381
             897              27
             898               3
             899               9
             900             252
             901               9
             902               9
             903              27
             904              57
             905               9
             906               9
             907               3
             908              21
             909              18
             910              27
             911               3
             912             333
             913               9
             914               3
             915              27
             916              21
             917               9
             918              30
             919               3
             920             171
             921               9
             922               3
             923               9
             924             189
             925              18
             926               3
             927              18
             928             183
             929               3
             930              27
             931              18
             932              21
             933               9
             934               3
             935              27
             936             342
             937               3
             938               9
             939               9
             940              63
             941               3
             942               9
             943               9
             944             111
             945              90
             946               9
             947               3
             948              63
             949               9
             950              18
             951               9
             952             171
             953               3
             954              18
             955               9
             956              21
             957              27
             958               3
             959               9
             960             819
             961               6
             962               9
             963              18
             964              21
             965               9
             966              27
             967               3
             968             114
             969              27
             970               9
             971               3
             972             147
             973               9
             974               3
             975              54
             976             111
             977               3
             978               9
             979               9
             980             126
             981              18
             982               3
             983               3
             984             171
             985               9
             986               9
             987              27
             988              63
             989               9
             990              54
             991               3
             992             183
             993               9
             994               9
             995               9
             996              63
             997               3
             998               3
             999              30
            1000             190
            1001              27
            1002               9
            1003               9
            1004              21
            1005              27
            1006               3
            1007               9
            1008             666
            1009               3
            1010               9
            1011               9
            1012              63
            1013               3
            1014              18
            1015              27
            1016              57
            1017              18
            1018               3
            1019               3
            1020             189
            1021               3
            1022               9
            1023              27
            1024             271
            1025              18
            1026              30
            1027               9
            1028              21
            1029              30
            1030               9
            1031               3
            1032             171
            1033               3
            1034               9
            1035              54
            1036              63
            1037               9
            1038               9
            1039               3
            1040             333
            1041               9
            1042               3
            1043               9
            1044             126
            1045              27
            1046               3
            1047               9
            1048              57
            1049               3
            1050              54
            1051               3
            1052              21
            1053              45
            1054               9
            1055               9
            1056             549
            1057               9
            1058               6
            1059               9
            1060              63
            1061               3
            1062              18
            1063               3
            1064             171
            1065              27
            1066               9
            1067               9
            1068              63
            1069               3
            1070               9
            1071              54
            1072             111
            1073               9
            1074               9
            1075              18
            1076              21
            1077               9
            1078              18
            1079               9
            1080             570
            1081               9
            1082               3
            1083              18
            1084              21
            1085              27
            1086               9
            1087               3
            1088             273
            1089              36
            1090               9
            1091               3
            1092             189
            1093               3
            1094               3
            1095              27
            1096              57
            1097               3
            1098              18
            1099               9
            1100             126
            1101               9
            1102               9
            1103               3
            1104             333
            1105              27
            1106               9
            1107              30
            1108              21
            1109               3
            1110              27
            1111               9
            1112              57
            1113              27
            1114               3
            1115               9
            1116             126
            1117               3
            1118               9
            1119               9
            1120             549
            1121               9
            1122              27
            1123               3
            1124              21
            1125              60
            1126               3
            1127              18
            1128             171
            1129               3
            1130               9
            1131              27
            1132              21
            1133               9
            1134              45
            1135               9
            1136             111
            1137               9
            1138               3
            1139               9
            1140             189
            1141               9
            1142               3
            1143              18
            1144             171
            1145               9
            1146               9
            1147               9
            1148              63
            1149               9
            1150              18
            1151               3
            1152             762
            1153               3
            1154               3
            1155              81
            1156              42
            1157               9
            1158               9
            1159               9
            1160             171
            1161              30
            1162               9
            1163               3
            1164              63
            1165               9
            1166               9
            1167               9
            1168             111
            1169               9
            1170              54
            1171               3
            1172              21
            1173              27
            1174               3
            1175              18
            1176             342
            1177               9
            1178               9
            1179              18
            1180              63
            1181               3
            1182               9
            1183              18
            1184             183
            1185              27
            1186               3
            1187               3
            1188             210
            1189               9
            1190              27
            1191               9
            1192              57
            1193               3
            1194               9
            1195               9
            1196              63
            1197              54
            1198               3
            1199               9
            1200             666
            1201               3
            1202               3
            1203               9
            1204              63
            1205               9
            1206              18
            1207               9
            1208              57
            1209              27
            1210              18
            1211               9
            1212              63
            1213               3
            1214               3
            1215              63
            1216             273
            1217               3
            1218              27
            1219               9
            1220              63
            1221              27
            1222               9
            1223               3
            1224             342
            1225              36
            1226               3
            1227               9
            1228              21
            1229               3
            1230              27
            1231               3
            1232             333
            1233              18
            1234               3
            1235              27
            1236              63
            1237               3
            1238               3
            1239              27
            1240             171
            1241               9
            1242              30
            1243               9
            1244              21
            1245              27
            1246               9
            1247               9
            1248             549
            1249               3
            1250              15
            1251              18
            1252              21
            1253               9
            1254              27
            1255               9
            1256              57
            1257               9
            1258               9
            1259               3
            1260             378
            1261               9
            1262               3
            1263               9
            1264             111
            1265              27
            1266               9
            1267               9
            1268              21
            1269              30
            1270               9
            1271               9
            1272             171
            1273               9
            1274              18
            1275              54
            1276              63
            1277               3
            1278              18
            1279               3
            1280             507
            1281              27
            1282               3
            1283               3
            1284              63
            1285               9
            1286               3
            1287              54
            1288             171
            1289               3
            1290              27
            1291               3
            1292              63
            1293               9
            1294               3
            1295              27
            1296             555
            1297               3
            1298               9
            1299               9
            1300             126
            1301               3
            1302              27
            1303               3
            1304              57
            1305              54
            1306               3
            1307               3
            1308              63
            1309              27
            1310               9
            1311              27
            1312             183
            1313               9
            1314              18
            1315               9
            1316              63
            1317               9
            1318               3
            1319               3
            1320             513
            1321               3
            1322               3
            1323              60
            1324              21
            1325              18
            1326              27
            1327               3
            1328             111
            1329               9
            1330              27
            1331              10
            1332             126
            1333               9
            1334               9
            1335              27
            1336              57
            1337               9
            1338               9
            1339               9
            1340              63
            1341              18
            1342               9
            1343               9
            1344             819
            1345               9
            1346               3
            1347               9
            1348              21
            1349               9
            1350              60
            1351               9
            1352             114
            1353              27
            1354               3
            1355               9
            1356              63
            1357               9
            1358               9
            1359              18
            1360             333
            1361               3
            1362               9
            1363               9
            1364              63
            1365              81
            1366               3
            1367               3
            1368             342
            1369               6
            1370               9
            1371               9
            1372              70
            1373               3
            1374               9
            1375              30
            1376             183
            1377              45
            1378               9
            1379               9
            1380             189
            1381               3
            1382               3
            1383               9
            1384              57
            1385               9
            1386              54
            1387               9
            1388              21
            1389               9
            1390               9
            1391               9
            1392             333
            1393               9
            1394               9
            1395              54
            1396              21
            1397               9
            1398               9
            1399               3
            1400             342
            1401               9
            1402               3
            1403               9
            1404             210
            1405               9
            1406               9
            1407              27
            1408             381
            1409               3
            1410              27
            1411               9
            1412              21
            1413              18
            1414               9
            1415               9
            1416             171
            1417               9
            1418               3
            1419              27
            1420              63
            1421              18
            1422              18
            1423               3
            1424             111
            1425              54
            1426               9
            1427               3
            1428             189
            1429               3
            1430              27
            1431              30
            1432              57
            1433               3
            1434               9
            1435              27
            1436              21
            1437               9
            1438               3
            1439               3
            1440            1098
            1441               9
            1442               9
            1443              27
            1444              42
            1445              18
            1446               9
            1447               3
            1448              57
            1449              54
            1450              18
            1451               3
            1452             126
            1453               3
            1454               3
            1455              27
            1456             333
            1457               9
            1458              28
            1459               3
            1460              63
            1461               9
            1462               9
            1463              27
            1464             171
            1465               9
            1466               3
            1467              18
            1468              21
            1469               9
            1470              54
            1471               3
            1472             273
            1473               9
            1474               9
            1475              18
            1476             126
            1477               9
            1478               3
            1479              27
            1480             171
            1481               3
            1482              27
            1483               3
            1484              63
            1485              90
            1486               3
            1487               3
            1488             333
            1489               3
            1490               9
            1491              27
            1492              21
            1493               3
            1494              18
            1495              27
            1496             171
            1497               9
            1498               9
            1499               3
            1500             210
