               1               1
               2               7
               3               5
               4              23
               5               7
               6              35
               7               9
               8              59
               9              18
              10              49
              11              13
              12             115
              13              15
              14              63
              15              35
              16             135
              17              19
              18             126
              19              21
              20             161
              21              45
              22              91
              23              25
              24             295
              25              38
              26             105
              27              58
              28             207
              29              31
              30             245
              31              33
              32             291
              33              65
              34             133
              35              63
              36             414
              37              39
              38             147
              39              75
              40             413
              41              43
              42             315
              43              45
              44             299
              45             126
              46             175
              47              49
              48             675
              49              66
              50             266
              51              95
              52             345
              53              55
              54             406
              55              91
              56             531
              57             105
              58             217
              59              61
              60             805
              61              63
              62             231
              63             162
              64             607
              65             105
              66             455
              67              69
              68             437
              69             125
              70             441
              71              73
              72            1062
              73              75
              74             273
              75             190
              76             483
              77             117
              78             525
              79              81
              80             945
              81             179
              82             301
              83              85
              84            1035
              85             133
              86             315
              87             155
              88             767
              89              91
              90             882
              91             135
              92             575
              93             165
              94             343
              95             147
              96            1455
              97              99
              98             462
              99             234
             100             874
             101             103
             102             665
             103             105
             104             885
             105             315
             106             385
             107             109
             108            1334
             109             111
             110             637
             111             195
             112            1215
             113             115
             114             735
             115             175
             116             713
             117             270
             118             427
             119             171
             120            2065
             121             146
             122             441
             123             215
             124             759
             125             194
             126            1134
             127             129
             128            1243
             129             225
             130             735
             131             133
             132            1495
             133             189
             134             483
             135             406
             136            1121
             137             139
             138             875
             139             141
             140            1449
             141             245
             142             511
             143             195
             144            2430
             145             217
             146             525
             147             330
             148             897
             149             151
             150            1330
             151             153
             152            1239
             153             342
             154             819
             155             231
             156            1725
             157             159
             158             567
             159             275
             160            2037
             161             225
             162            1253
             163             165
             164             989
             165             455
             166             595
             167             169
             168            2655
             169             198
             170             931
             171             378
             172            1035
             173             175
             174            1085
             175             342
             176            1755
             177             305
             178             637
             179             181
             180            2898
             181             183
             182             945
             183             315
             184            1475
             185             273
             186            1155
             187             247
             188            1127
             189             522
             190            1029
             191             193
             192            3035
             193             195
             194             693
             195             525
             196            1518
             197             199
             198            1638
             199             201
             200            2242
             201             345
             202             721
             203             279
             204            2185
             205             301
             206             735
             207             450
             208            2025
             209             273
             210            2205
             211             213
             212            1265
             213             365
             214             763
             215             315
             216            3422
             217             297
             218             777
             219             375
             220            2093
             221             285
             222            1365
             223             225
             224            2619
             225             684
             226             805
             227             229
             228            2415
             229             231
             230            1225
             231             585
             232            1829
             233             235
             234            1890
             235             343
             236            1403
             237             405
             238            1197
             239             241
             240            4725
             241             243
             242            1022
             243             543
             244            1449
             245             462
             246            1505
             247             315
             248            1947
             249             425
             250            1358
             251             253
             252            3726
             253             325
             254             903
             255             665
             256            2519
             257             259
             258            1575
             259             351
             260            2415
             261             558
             262             931
             263             265
             264            3835
             265             385
             266            1323
             267             455
             268            1587
             269             271
             270            2842
             271             273
             272            2565
             273             675
             274             973
             275             494
             276            2875
             277             279
             278             987
             279             594
             280            3717
             281             283
             282            1715
             283             285
             284            1679
             285             735
             286            1365
             287             387
             288            5238
             289             326
             290            1519
             291             495
             292            1725
             293             295
             294            2310
             295             427
             296            2301
             297             754
             298            1057
             299             375
             300            4370
             301             405
             302            1071
             303             515
             304            2835
             305             441
             306            2394
             307             309
             308            2691
             309             525
             310            1617
             311             313
             312            4425
             313             315
             314            1113
             315            1134
             316            1863
             317             319
             318            1925
             319             403
             320            4249
             321             545
             322            1575
             323             399
             324            4117
             325             570
             326            1155
             327             555
             328            2537
             329             441
             330            3185
             331             333
             332            1955
             333             702
             334            1183
             335             483
             336            6075
             337             339
             338            1386
             339             575
             340            3059
             341             429
             342            2646
             343             466
             344            2655
             345             875
             346            1225
             347             349
             348            3565
             349             351
             350            2394
             351             870
             352            3783
             353             355
             354            2135
             355             511
             356            2093
             357             855
             358            1267
             359             361
             360            7434
             361             402
             362            1281
             363             730
             364            3105
             365             525
             366            2205
             367             369
             368            3375
             369             774
             370            1911
             371             495
             372            3795
             373             375
             374            1729
             375             970
             376            2891
             377             465
             378            3654
             379             381
             380            3381
             381             645
             382            1351
             383             385
             384            6215
             385             819
             386            1365
             387             810
             388            2277
             389             391
             390            3675
             391             475
             392            3894
             393             665
             394            1393
             395             567
             396            5382
             397             399
             398            1407
             399             945
             400            5130
             401             403
             402            2415
             403             495
             404            2369
             405            1253
             406            1953
             407             507
             408            5605
             409             411
             410            2107
             411             695
             412            2415
             413             549
             414            3150
             415             595
             416            4365
             417             705
             418            1911
             419             421
             420            7245
             421             423
             422            1491
             423             882
             424            3245
             425             722
             426            2555
             427             567
             428            2507
             429             975
             430            2205
             431             433
             432            7830
             433             435
             434            2079
             435            1085
             436            2553
             437             525
             438            2625
             439             441
             440            5369
             441            1188
             442            1995
             443             445
             444            4485
             445             637
             446            1575
             447             755
             448            5463
             449             451
             450            4788
             451             559
             452            2645
             453             765
             454            1603
             455             945
             456            6195
             457             459
             458            1617
             459            1102
             460            4025
             461             463
             462            4095
             463             465
             464            4185
             465            1155
             466            1645
             467             469
             468            6210
             469             621
             470            2401
             471             795
             472            3599
             473             585
             474            2835
             475             798
             476            3933
             477             990
             478            1687
             479             481
             480           10185
             481             585
             482            1701
             483            1125
             484            3358
             485             693
             486            3801
             487             489
             488            3717
             489             825
             490            3234
             491             493
             492            4945
             493             589
             494            2205
             495            1638
             496            4455
             497             657
             498            2975
             499             501
             500            4462
             501             845
             502            1771
             503             505
             504            9558
             505             721
             506            2275
             507             990
             508            2967
             509             511
             510            4655
             511             675
             512            5075
             513            1218
             514            1813
             515             735
             516            5175
             517             637
             518            2457
             519             875
             520            6195
             521             523
             522            3906
             523             525
             524            3059
             525            1710
             526            1855
             527             627
             528            8775
             529             578
             530            2695
             531            1098
             532            4347
             533             645
             534            3185
             535             763
             536            4071
             537             905
             538            1897
             539             858
             540            9338
             541             543
             542            1911
             543             915
             544            5529
             545             777
             546            4725
             547             549
             548            3197
             549            1134
             550            3458
             551             651
             552            7375
             553             729
             554            1953
             555            1365
             556            3243
             557             559
             558            4158
             559             675
             560            8505
             561            1235
             562            1981
             563             565
             564            5635
             565             805
             566            1995
             567            1611
             568            4307
             569             571
             570            5145
             571             573
             572            4485
             573             965
             574            2709
             575             950
             576           10926
             577             579
             578            2282
             579             975
             580            4991
             581             765
             582            3465
             583             715
             584            4425
             585            1890
             586            2065
             587             589
             588            7590
             589             693
             590            2989
             591             995
             592            5265
             593             595
             594            5278
             595            1197
             596            3473
             597            1005
             598            2625
             599             601
             600           11210
             601             603
             602            2835
             603            1242
             604            3519
             605            1022
             606            3605
             607             609
             608            6111
             609            1395
             610            3087
             611             735
             612            7866
             613             615
             614            2163
             615            1505
             616            6903
             617             619
             618            3675
             619             621
             620            5313
             621            1450
             622            2191
             623             819
             624           10125
             625             975
             626            2205
             627            1365
             628            3657
             629             741
             630            7938
             631             633
             632            4779
             633            1065
             634            2233
             635             903
             636            6325
             637             990
             638            2821
             639            1314
             640            8701
             641             643
             642            3815
             643             645
             644            5175
             645            1575
             646            2793
             647             649
             648           10561
             649             793
             650            3990
             651            1485
             652            3795
             653             655
             654            3885
             655             931
             656            5805
             657            1350
             658            3087
             659             661
             660           10465
             661             663
             662            2331
             663            1425
             664            5015
             665            1323
             666            4914
             667             775
             668            3887
             669            1125
             670            3381
             671             819
             672           13095
             673             675
             674            2373
             675            2204
             676            4554
             677             679
             678            4025
             679             891
             680            7847
             681            1145
             682            3003
             683             685
             684            8694
             685             973
             686            3262
             687            1155
             688            6075
             689             825
             690            6125
             691             693
             692            4025
             693            2106
             694            2443
             695             987
             696            9145
             697             817
             698            2457
             699            1175
             700            7866
             701             703
             702            6090
             703             819
             704            7891
             705            1715
             706            2485
             707             927
             708            7015
             709             711
             710            3577
             711            1458
             712            5369
             713             825
             714            5985
             715            1365
             716            4163
             717            1205
             718            2527
             719             721
             720           17010
             721             945
             722            2814
             723            1215
             724            4209
             725            1178
             726            5110
             727             729
             728            7965
             729            1636
             730            3675
             731             855
             732            7245
             733             735
             734            2583
             735            2310
             736            7275
             737             897
             738            5418
             739             741
             740            6279
             741            1575
             742            3465
             743             745
             744            9735
             745            1057
             746            2625
             747            1530
             748            5681
             749             981
             750            6790
             751             753
             752            6615
             753            1265
             754            3255
             755            1071
             756           12006
             757             759
             758            2667
             759            1625
             760            8673
             761             763
             762            4515
             763             999
             764            4439
             765            2394
             766            2695
             767             915
             768           12595
             769             771
             770            5733
             771            1295
             772            4485
             773             775
             774            5670
             775            1254
             776            5841
             777            1755
             778            2737
             779             903
             780           12075
             781             949
             782            3325
             783            1798
             784            8910
             785            1113
             786            4655
             787             789
             788            4577
             789            1325
             790            3969
             791            1035
             792           13806
             793             945
             794            2793
             795            1925
             796            4623
             797             799
             798            6615
             799             931
             800           11058
             801            1638
             802            2821
             803             975
             804            7935
             805            1575
             806            3465
             807            1355
             808            6077
             809             811
             810            8771
             811             813
             812            6417
             813            1365
             814            3549
             815            1155
             816           12825
             817             945
             818            2877
             819            2430
             820            6923
             821             823
             822            4865
             823             825
             824            6195
             825            2470
             826            3843
             827             829
             828           10350
             829             831
             830            4165
             831            1395
             832            9105
             833            1254
             834            4935
             835            1183
             836            6279
             837            1914
             838            2947
             839             841
             840           18585
             841             902
             842            2961
             843            1415
             844            4899
             845            1386
             846            6174
             847            1314
             848            7425
             849            1425
             850            5054
             851             975
             852            8395
             853             855
             854            3969
             855            2646
             856            6431
             857             859
             858            6825
             859             861
             860            7245
             861            1935
             862            3031
             863             865
             864           16878
             865            1225
             866            3045
             867            1630
             868            6831
             869            1053
             870            7595
             871            1035
             872            6549
             873            1782
             874            3675
             875            1746
             876            8625
             877             879
             878            3087
             879            1475
             880           12285
             881             883
             882            8316
             883             885
             884            6555
             885            2135
             886            3115
             887             889
             888           11505
             889            1161
             890            4459
             891            2327
             892            5175
             893            1029
             894            5285
             895            1267
             896           11187
             897            1875
             898            3157
             899            1023
             900           15732
             901            1045
             902            3913
             903            2025
             904            6785
             905            1281
             906            5355
             907             909
             908            5267
             909            1854
             910            6615
             911             913
             912           14175
             913            1105
             914            3213
             915            2205
             916            5313
             917            1197
             918            7714
             919             921
             920           10325
             921            1545
             922            3241
             923            1095
             924           13455
             925            1482
             926            3255
             927            1890
             928            9021
             929             931
             930            8085
             931            1386
             932            5405
             933            1565
             934            3283
             935            1729
             936           15930
             937             939
             938            4347
             939            1575
             940            7889
             941             943
             942            5565
             943            1075
             944            8235
             945            3654
             946            4095
             947             949
             948            9315
             949            1125
             950            5586
             951            1595
             952           10089
             953             955
             954            6930
             955            1351
             956            5543
             957            2015
             958            3367
             959            1251
             960           21245
             961            1026
             962            4095
             963            1962
             964            5589
             965            1365
             966            7875
             967             969
             968            8614
             969            1995
             970            4851
             971             973
             972           12489
             973            1269
             974            3423
             975            2850
             976            8505
             977             979
             978            5775
             979            1183
             980           10626
             981            1998
             982            3451
             983             985
             984           12685
             985            1393
             986            4123
             987            2205
             988            7245
             989            1125
             990           11466
             991             993
             992            9603
             993            1665
             994            4599
             995            1407
             996            9775
             997             999
             998            3507
             999            2262
            1000           11446
            1001            1755
            1002            5915
            1003            1159
            1004            5819
            1005            2415
            1006            3535
            1007            1155
            1008           21870
            1009            1011
            1010            5047
            1011            1695
            1012            7475
            1013            1015
            1014            6930
            1015            1953
            1016            7611
            1017            2070
            1018            3577
            1019            1021
            1020           15295
            1021            1023
            1022            4725
            1023            2145
            1024           10191
            1025            1634
            1026            8526
            1027            1215
            1028            5957
            1029            2330
            1030            5145
            1031            1033
            1032           13275
            1033            1035
            1034            4459
            1035            3150
            1036            8073
            1037            1197
            1038            6125
            1039            1041
            1040           14175
            1041            1745
            1042            3661
            1043            1359
            1044           12834
            1045            1911
            1046            3675
            1047            1755
            1048            7847
            1049            1051
            1050           11970
            1051            1053
            1052            6095
            1053            2685
            1054            4389
            1055            1491
            1056           18915
            1057            1377
            1058            4046
            1059            1775
            1060            8855
            1061            1063
            1062            7686
            1063            1065
            1064           11151
            1065            2555
            1066            4515
            1067            1287
            1068           10465
            1069            1071
            1070            5341
            1071            3078
            1072            9315
            1073            1209
            1074            6335
            1075            1710
            1076            6233
            1077            1805
            1078            6006
            1079            1275
            1080           23954
            1081            1225
            1082            3801
            1083            2010
            1084            6279
            1085            2079
            1086            6405
            1087            1089
            1088           11533
            1089            2628
            1090            5439
            1091            1093
            1092           15525
            1093            1095
            1094            3843
            1095            2625
            1096            8201
            1097            1099
            1098            7938
            1099            1431
            1100           11362
            1101            1845
            1102            4557
            1103            1105
            1104           16875
            1105            1995
            1106            5103
            1107            2494
            1108            6417
            1109            1111
            1110            9555
            1111            1339
            1112            8319
            1113            2475
            1114            3913
            1115            1575
            1116           13662
            1117            1119
            1118            4725
            1119            1875
            1120           18333
            1121            1281
            1122            8645
            1123            1125
            1124            6509
            1125            3492
            1126            3955
            1127            1650
            1128           14455
            1129            1131
            1130            5635
            1131            2325
            1132            6555
            1133            1365
            1134           11277
            1135            1603
            1136            9855
            1137            1905
            1138            3997
            1139            1311
            1140           16905
            1141            1485
            1142            4011
            1143            2322
            1144           11505
            1145            1617
            1146            6755
            1147            1287
            1148            8901
            1149            1925
            1150            6650
            1151            1153
            1152           22374
            1153            1155
            1154            4053
            1155            4095
            1156            7498
            1157            1365
            1158            6825
            1159            1323
            1160           12803
            1161            2610
            1162            5355
            1163            1165
            1164           11385
            1165            1645
            1166            5005
            1167            1955
            1168           10125
            1169            1521
            1170           13230
            1171            1173
            1172            6785
            1173            2375
            1174            4123
            1175            1862
            1176           19470
            1177            1417
            1178            4851
            1179            2394
            1180            9821
            1181            1183
            1182            6965
            1183            1782
            1184           11349
            1185            2835
            1186            4165
            1187            1189
            1188           17342
            1189            1333
            1190            8379
            1191            1995
            1192            8909
            1193            1195
            1194            7035
            1195            1687
            1196            8625
            1197            3402
            1198            4207
            1199            1443
            1200           25650
            1201            1203
            1202            4221
            1203            2015
            1204            9315
            1205            1701
            1206            8694
            1207            1387
            1208            9027
            1209            2475
            1210            7154
            1211            1575
            1212           11845
            1213            1215
            1214            4263
            1215            3801
            1216           12747
            1217            1219
            1218            9765
            1219            1375
            1220           10143
            1221            2535
            1222            5145
            1223            1225
            1224           20178
            1225            2508
            1226            4305
            1227            2055
            1228            7107
            1229            1231
            1230           10535
            1231            1233
            1232           15795
            1233            2502
            1234            4333
            1235            2205
            1236           12075
            1237            1239
            1238            4347
            1239            2745
            1240           13629
            1241            1425
            1242           10150
            1243            1495
            1244            7199
            1245            2975
            1246            5733
            1247            1395
            1248           21825
            1249            1251
            1250            6825
            1251            2538
            1252            7245
            1253            1629
            1254            9555
            1255            1771
            1256            9381
            1257            2105
            1258            5187
            1259            1261
            1260           26082
            1261            1485
            1262            4431
            1263            2115
            1264           10935
            1265            2275
            1266            7455
            1267            1647
            1268            7337
            1269            2842
            1270            6321
            1271            1419
            1272           16225
            1273            1449
            1274            6930
            1275            3610
            1276            9269
            1277            1279
            1278            9198
            1279            1281
            1280           17633
            1281            2835
            1282            4501
            1283            1285
            1284           12535
            1285            1813
            1286            4515
            1287            3510
            1288           13275
            1289            1291
            1290           11025
            1291            1293
            1292            9177
            1293            2165
            1294            4543
            1295            2457
            1296           24165
            1297            1299
            1298            5551
            1299            2175
            1300           13110
            1301            1303
            1302           10395
            1303            1305
            1304            9735
            1305            3906
            1306            4585
            1307            1309
            1308           12765
            1309            2223
            1310            6517
            1311            2625
            1312           12513
            1313            1545
            1314            9450
            1315            1855
            1316           10143
            1317            2205
            1318            4627
            1319            1321
            1320           26845
            1321            1323
            1322            4641
            1323            3828
            1324            7659
            1325            2090
            1326            9975
            1327            1329
            1328           11475
            1329            2225
            1330            9261
            1331            1610
            1332           16146
            1333            1485
            1334            5425
            1335            3185
            1336            9971
            1337            1737
            1338            7875
            1339            1575
            1340           11109
            1341            2718
            1342            5733
            1343            1539
            1344           27315
            1345            1897
            1346            4725
            1347            2255
            1348            7797
            1349            1533
            1350           15428
            1351            1755
            1352           11682
            1353            2795
            1354            4753
            1355            1911
            1356           13225
            1357            1525
            1358            6237
            1359            2754
            1360           17955
            1361            1363
            1362            8015
            1363            1519
            1364            9867
            1365            4725
            1366            4795
            1367            1369
            1368           22302
            1369            1446
            1370            6811
            1371            2295
            1372           10718
            1373            1375
            1374            8085
            1375            2522
            1376           13095
            1377            3401
            1378            5775
            1379            1791
            1380           20125
            1381            1383
            1382            4851
            1383            2315
            1384           10325
            1385            1953
            1386           14742
            1387            1575
            1388            8027
            1389            2325
            1390            6909
            1391            1635
            1392           20925
            1393            1809
            1394            5719
            1395            4158
            1396            8073
            1397            1677
            1398            8225
            1399            1401
            1400           20178
            1401            2345
            1402            4921
            1403            1575
            1404           20010
            1405            1981
            1406            5733
            1407            3105
            1408           16159
            1409            1411
            1410           12005
            1411            1615
            1412            8165
            1413            2862
            1414            6489
            1415            1995
            1416           17995
            1417            1665
            1418            4977
            1419            2925
            1420           11753
            1421            2046
            1422           10206
            1423            1425
            1424           12285
            1425            3990
            1426            5775
            1427            1429
            1428           19665
            1429            1431
            1430            9555
            1431            3190
            1432           10679
            1433            1435
            1434            8435
            1435            2709
            1436            8303
            1437            2405
            1438            5047
            1439            1441
            1440           36666
            1441            1729
            1442            6615
            1443            2925
            1444            9246
            1445            2282
            1446            8505
            1447            1449
            1448           10797
            1449            4050
            1450            8246
