               1               1
               2               3
               3               3
               4               9
               5               3
               6               9
               7               3
               8              21
               9               6
              10               9
              11               3
              12              27
              13               3
              14               9
              15               9
              16              39
              17               3
              18              18
              19               3
              20              27
              21               9
              22               9
              23               3
              24              63
              25               6
              26               9
              27              10
              28              27
              29               3
              30              27
              31               3
              32              63
              33               9
              34               9
              35               9
              36              54
              37               3
              38               9
              39               9
              40              63
              41               3
              42              27
              43               3
              44              27
              45              18
              46               9
              47               3
              48             117
              49               6
              50              18
              51               9
              52              27
              53               3
              54              30
              55               9
              56              63
              57               9
              58               9
              59               3
              60              81
              61               3
              62               9
              63              18
              64              93
              65               9
              66              27
              67               3
              68              27
              69               9
              70              27
              71               3
              72             126
              73               3
              74               9
              75              18
              76              27
              77               9
              78              27
              79               3
              80             117
              81              15
              82               9
              83               3
              84              81
              85               9
              86               9
              87               9
              88              63
              89               3
              90              54
              91               9
              92              27
              93               9
              94               9
              95               9
              96             189
              97               3
              98              18
              99              18
             100              54
             101               3
             102              27
             103               3
             104              63
             105              27
             106               9
             107               3
             108              90
             109               3
             110              27
             111               9
             112             117
             113               3
             114              27
             115               9
             116              27
             117              18
             118               9
             119               9
             120             189
             121               6
             122               9
             123               9
             124              27
             125              10
             126              54
             127               3
             128             129
             129               9
             130              27
             131               3
             132              81
             133               9
             134               9
             135              30
             136              63
             137               3
             138              27
             139               3
             140              81
             141               9
             142               9
             143               9
             144             234
             145               9
             146               9
             147              18
             148              27
             149               3
             150              54
             151               3
             152              63
             153              18
             154              27
             155               9
             156              81
             157               3
             158               9
             159               9
             160             189
             161               9
             162              45
             163               3
             164              27
             165              27
             166               9
             167               3
             168             189
             169               6
             170              27
             171              18
             172              27
             173               3
             174              27
             175              18
             176             117
             177               9
             178               9
             179               3
             180             162
             181               3
             182              27
             183               9
             184              63
             185               9
             186              27
             187               9
             188              27
             189              30
             190              27
             191               3
             192             279
             193               3
             194               9
             195              27
             196              54
             197               3
             198              54
             199               3
             200             126
             201               9
             202               9
             203               9
             204              81
             205               9
             206               9
             207              18
             208             117
             209               9
             210              81
             211               3
             212              27
             213               9
             214               9
             215               9
             216             210
             217               9
             218               9
             219               9
             220              81
             221               9
             222              27
             223               3
             224             189
             225              36
             226               9
             227               3
             228              81
             229               3
             230              27
             231              27
             232              63
             233               3
             234              54
             235               9
             236              27
             237               9
             238              27
             239               3
             240             351
             241               3
             242              18
             243              21
             244              27
             245              18
             246              27
             247               9
             248              63
             249               9
             250              30
             251               3
             252             162
             253               9
             254               9
             255              27
             256             171
             257               3
             258              27
             259               9
             260              81
             261              18
             262               9
             263               3
             264             189
             265               9
             266              27
             267               9
             268              27
             269               3
             270              90
             271               3
             272             117
             273              27
             274               9
             275              18
             276              81
             277               3
             278               9
             279              18
             280             189
             281               3
             282              27
             283               3
             284              27
             285              27
             286              27
             287               9
             288             378
             289               6
             290              27
             291               9
             292              27
             293               3
             294              54
             295               9
             296              63
             297              30
             298               9
             299               9
             300             162
             301               9
             302               9
             303               9
             304             117
             305               9
             306              54
             307               3
             308              81
             309               9
             310              27
             311               3
             312             189
             313               3
             314               9
             315              54
             316              27
             317               3
             318              27
             319               9
             320             279
             321               9
             322              27
             323               9
             324             135
             325              18
             326               9
             327               9
             328              63
             329               9
             330              81
             331               3
             332              27
             333              18
             334               9
             335               9
             336             351
             337               3
             338              18
             339               9
             340              81
             341               9
             342              54
             343              10
             344              63
             345              27
             346               9
             347               3
             348              81
             349               3
             350              54
             351              30
             352             189
             353               3
             354              27
             355               9
             356              27
             357              27
             358               9
             359               3
             360             378
             361               6
             362               9
             363              18
             364              81
             365               9
             366              27
             367               3
             368             117
             369              18
             370              27
             371               9
             372              81
             373               3
             374              27
             375              30
             376              63
             377               9
             378              90
             379               3
             380              81
             381               9
             382               9
             383               3
             384             387
             385              27
             386               9
             387              18
             388              27
             389               3
             390              81
             391               9
             392             126
             393               9
             394               9
             395               9
             396             162
             397               3
             398               9
             399              27
             400             234
             401               3
             402              27
             403               9
             404              27
             405              45
             406              27
             407               9
             408             189
             409               3
             410              27
             411               9
             412              27
             413               9
             414              54
             415               9
             416             189
             417               9
             418              27
             419               3
             420             243
             421               3
             422               9
             423              18
             424              63
             425              18
             426              27
             427               9
             428              27
             429              27
             430              27
             431               3
             432             390
             433               3
             434              27
             435              27
             436              27
             437               9
             438              27
             439               3
             440             189
             441              36
             442              27
             443               3
             444              81
             445               9
             446               9
             447               9
             448             279
             449               3
             450             108
             451               9
             452              27
             453               9
             454               9
             455              27
             456             189
             457               3
             458               9
             459              30
             460              81
             461               3
             462              81
             463               3
             464             117
             465              27
             466               9
             467               3
             468             162
             469               9
             470              27
             471               9
             472              63
             473               9
             474              27
             475              18
             476              81
             477              18
             478               9
             479               3
             480             567
             481               9
             482               9
             483              27
             484              54
             485               9
             486              63
             487               3
             488              63
             489               9
             490              54
             491               3
             492              81
             493               9
             494              27
             495              54
             496             117
             497               9
             498              27
             499               3
             500              90
             501               9
             502               9
             503               3
             504             378
             505               9
             506              27
             507              18
             508              27
             509               3
             510              81
             511               9
             512             219
             513              30
             514               9
             515               9
             516              81
             517               9
             518              27
             519               9
             520             189
             521               3
             522              54
             523               3
             524              27
             525              54
             526               9
             527               9
             528             351
             529               6
             530              27
             531              18
             532              81
             533               9
             534              27
             535               9
             536              63
             537               9
             538               9
             539              18
             540             270
             541               3
             542               9
             543               9
             544             189
             545               9
             546              81
             547               3
             548              27
             549              18
             550              54
             551               9
             552             189
             553               9
             554               9
             555              27
             556              27
             557               3
             558              54
             559               9
             560             351
             561              27
             562               9
             563               3
             564              81
             565               9
             566               9
             567              45
             568              63
             569               3
             570              81
             571               3
             572              81
             573               9
             574              27
             575              18
             576             558
             577               3
             578              18
             579               9
             580              81
             581               9
             582              27
             583               9
             584              63
             585              54
             586               9
             587               3
             588             162
             589               9
             590              27
             591               9
             592             117
             593               3
             594              90
             595              27
             596              27
             597               9
             598              27
             599               3
             600             378
             601               3
             602              27
             603              18
             604              27
             605              18
             606              27
             607               3
             608             189
             609              27
             610              27
             611               9
             612             162
             613               3
             614               9
             615              27
             616             189
             617               3
             618              27
             619               3
             620              81
             621              30
             622               9
             623               9
             624             351
             625              15
             626               9
             627              27
             628              27
             629               9
             630             162
             631               3
             632              63
             633               9
             634               9
             635               9
             636              81
             637              18
             638              27
             639              18
             640             387
             641               3
             642              27
             643               3
             644              81
             645              27
             646              27
             647               3
             648             315
             649               9
             650              54
             651              27
             652              27
             653               3
             654              27
             655               9
             656             117
             657              18
             658              27
             659               3
             660             243
             661               3
             662               9
             663              27
             664              63
             665              27
             666              54
             667               9
             668              27
             669               9
             670              27
             671               9
             672             567
             673               3
             674               9
             675              60
             676              54
             677               3
             678              27
             679               9
             680             189
             681               9
             682              27
             683               3
             684             162
             685               9
             686              30
             687               9
             688             117
             689               9
             690              81
             691               3
             692              27
             693              54
             694               9
             695               9
             696             189
             697               9
             698               9
             699               9
             700             162
             701               3
             702              90
             703               9
             704             279
             705              27
             706               9
             707               9
             708              81
             709               3
             710              27
             711              18
             712              63
             713               9
             714              81
             715              27
             716              27
             717               9
             718               9
             719               3
             720             702
             721               9
             722              18
             723               9
             724              27
             725              18
             726              54
             727               3
             728             189
             729              28
             730              27
             731               9
             732              81
             733               3
             734               9
             735              54
             736             189
             737               9
             738              54
             739               3
             740              81
             741              27
             742              27
             743               3
             744             189
             745               9
             746               9
             747              18
             748              81
             749               9
             750              90
             751               3
             752             117
             753               9
             754              27
             755               9
             756             270
             757               3
             758               9
             759              27
             760             189
             761               3
             762              27
             763               9
             764              27
             765              54
             766               9
             767               9
             768             513
             769               3
             770              81
             771               9
             772              27
             773               3
             774              54
             775              18
             776              63
             777              27
             778               9
             779               9
             780             243
             781               8
             782              26
             783              29
             784             234
             785               9
             786              26
             787               3
             788              26
             789               9
             790              27
             791               9
             792             378
             793               9
             794               9
             795              26
             796              27
             797               3
             798              81
             799               8
             800             378
             801              18
             802               9
             803               9
             804              81
             805              27
             806              26
             807               9
             808              62
             809               3
             810             135
             811               3
             812              80
             813               8
             814              27
             815               9
             816             351
             817               9
             818               8
             819              54
             820              81
             821               3
             822              27
             823               3
             824              63
             825              53
             826              27
             827               2
             828             161
             829               3
             830              27
             831               8
             832             279
             833              18
             834              26
             835               8
             836              81
             837              30
             838               9
             839               3
             840             565
             841               5
             842               9
             843               9
             844              27
             845              17
             846              53
             847              18
             848             117
             849               8
             850              53
             851               9
             852              81
             853               3
             854              26
             855              54
             856              62
             857               2
             858              81
             859               2
             860              80
             861              26
             862               9
             863               3
             864             629
             865               9
             866               9
             867              18
             868              81
             869               9
             870              80
             871               9
             872              63
             873              17
             874              27
             875              30
             876              80
             877               2
             878               9
             879               9
             880             349
             881               3
             882             108
             883               2
             884              81
             885              27
             886               8
             887               3
             888             188
             889               9
             890              26
             891              45
             892              27
             893               8
             894              26
             895               9
             896             387
             897              27
             898               9
             899               8
             900             322
             901               9
             902              27
             903              27
             904              63
             905               9
             906              27
             907               3
             908              27
             909              17
             910              81
             911               3
             912             351
             913               8
             914               8
             915              26
             916              27
             917               9
             918              90
             919               2
             920             188
             921               9
             922               9
             923               9
             924             242
             925              18
             926               9
             927              18
             928             188
             929               2
             930              80
             931              18
             932              27
             933               9
             934               8
             935              25
             936             377
             937               2
             938              25
             939               9
             940              81
             941               2
             942              27
             943               9
             944             117
             945              88
             946              26
             947               3
             948              79
             949               9
             950              54
             951               8
             952             188
             953               2
             954              52
             955               8
             956              27
             957              25
             958               9
             959               9
             960             836
             961               5
             962              27
             963              17
             964              26
             965               8
             966              81
             967               3
             968             126
             969              27
             970              27
             971               2
             972             189
             973               9
             974               9
             975              53
             976             117
             977               2
             978              27
             979               9
             980             161
             981              17
             982               9
             983               3
             984             185
             985               9
             986              27
             987              27
             988              81
             989               9
             990             158
             991               2
             992             188
             993               9
             994              26
             995               9
             996              79
             997               2
             998               9
             999              30
            1000             209
            1001              26
            1002              26
            1003               8
            1004              27
            1005              27
            1006               8
            1007               8
            1008             702
            1009               3
            1010              26
            1011               8
            1012              80
            1013               3
            1014              53
            1015              25
            1016              63
            1017              17
            1018               8
            1019               3
            1020             239
            1021               3
            1022              27
            1023              26
            1024             273
            1025              18
            1026              89
            1027               9
            1028              27
            1029              29
            1030              27
            1031               2
            1032             188
            1033               2
            1034              26
            1035              53
            1036              81
            1037               9
            1038              26
            1039               3
            1040             347
            1041               9
            1042               8
            1043               9
            1044             161
            1045              25
            1046               9
            1047               7
            1048              62
            1049               3
            1050             159
            1051               2
            1052              26
            1053              45
            1054              26
            1055               8
            1056             564
            1057               9
            1058              18
            1059               8
            1060              81
            1061               3
            1062              54
            1063               3
            1064             185
            1065              26
            1066              26
            1067               9
            1068              78
            1069               3
            1070              27
            1071              51
            1072             114
            1073               9
            1074              27
            1075              17
            1076              26
            1077               8
            1078              52
            1079               8
            1080             628
            1081               8
            1082               9
            1083              18
            1084              27
            1085              26
            1086              26
            1087               2
            1088             278
            1089              36
            1090              27
            1091               3
            1092             239
            1093               3
            1094               9
            1095              27
            1096              61
            1097               3
            1098              53
            1099               9
            1100             160
            1101               8
            1102              26
            1103               3
            1104             346
            1105              26
            1106              27
            1107              29
            1108              25
            1109               3
            1110              81
            1111               8
            1112              63
            1113              26
            1114               9
            1115               9
            1116             160
            1117               2
            1118              27
            1119               8
            1120             561
            1121               8
            1122              78
            1123               3
            1124              26
            1125              58
            1126               9
            1127              17
            1128             187
            1129               3
            1130              27
            1131              25
            1132              27
            1133               8
            1134             135
            1135               8
            1136             114
            1137               9
            1138               9
            1139               8
            1140             242
            1141               9
            1142               9
            1143              18
            1144             189
            1145               8
            1146              27
            1147               8
            1148              79
            1149               8
            1150              53
            1151               3
            1152             773
            1153               3
            1154               9
            1155              80
            1156              53
            1157               8
            1158              27
            1159               8
            1160             189
            1161              29
            1162              26
            1163               2
            1164              78
            1165               9
            1166              25
            1167               8
            1168             116
            1169               8
            1170             159
            1171               3
            1172              26
            1173              26
            1174               8
            1175              17
            1176             374
            1177               8
            1178              27
            1179              17
            1180              80
            1181               3
            1182              26
            1183              17
            1184             186
            1185              25
            1186               9
            1187               2
            1188             268
            1189               7
            1190              80
            1191               8
            1192              60
            1193               3
            1194              25
            1195               8
            1196              80
            1197              54
            1198               9
            1199               8
            1200             696
            1201               2
            1202               8
            1203               8
            1204              79
            1205               9
            1206              53
            1207               8
            1208              62
            1209              24
            1210              53
            1211               9
            1212              78
            1213               3
            1214               8
            1215              61
            1216             279
            1217               2
            1218              79
            1219               9
            1220              79
            1221              26
            1222              25
            1223               2
            1224             372
            1225              36
            1226               9
            1227               8
            1228              26
            1229               3
            1230              78
            1231               3
            1232             343
            1233              16
            1234               9
            1235              25
            1236              81
            1237               3
            1238               8
            1239              26
            1240             184
            1241               8
            1242              90
            1243               9
            1244              25
            1245              26
            1246              25
            1247               9
            1248             564
            1249               3
            1250              45
            1251              16
            1252              26
            1253               8
            1254              80
            1255               9
            1256              60
            1257               8
            1258              25
            1259               3
            1260             482
            1261               8
            1262               9
            1263               9
            1264             113
            1265              26
            1266              27
            1267               7
            1268              27
            1269              29
            1270              26
            1271               9
            1272             185
            1273               9
            1274              53
            1275              53
            1276              76
            1277               3
            1278              53
            1279               3
            1280             511
            1281              25
            1282               8
            1283               2
            1284              79
            1285               9
            1286               9
            1287              52
            1288             185
            1289               2
            1290              78
            1291               3
            1292              80
            1293               8
            1294               9
            1295              25
            1296             581
            1297               2
            1298              27
            1299               8
            1300             159
            1301               3
            1302              78
            1303               3
            1304              61
            1305              52
            1306               8
            1307               2
            1308              79
            1309              25
            1310              25
            1311              27
            1312             187
            1313               7
            1314              53
            1315               8
            1316              78
            1317               8
            1318               9
            1319               2
            1320             561
            1321               2
            1322               8
            1323              60
            1324              25
            1325              16
            1326              80
            1327               3
            1328             114
            1329               8
            1330              79
            1331               9
            1332             158
            1333               8
            1334              26
            1335              25
            1336              58
            1337               7
            1338              26
            1339               8
            1340              80
            1341              17
            1342              26
            1343               8
            1344             832
            1345               6
            1346               8
            1347               8
            1348              25
            1349               7
            1350             180
            1351               7
            1352             124
            1353              25
            1354               8
            1355               8
            1356              78
            1357               8
            1358              26
            1359              17
            1360             348
            1361               3
            1362              25
            1363               7
            1364              78
            1365              73
            1366               9
            1367               3
            1368             375
            1369               5
            1370              26
            1371               7
            1372              89
            1373               3
            1374              26
            1375              27
            1376             188
            1377              42
            1378              27
            1379               8
            1380             238
            1381               2
            1382               9
            1383               8
            1384              60
            1385               7
            1386             159
            1387               9
            1388              24
            1389               9
            1390              26
            1391               6
            1392             347
            1393               7
            1394              24
            1395              52
            1396              25
            1397               6
            1398              25
            1399               3
            1400             372
            1401               8
            1402               9
            1403               8
            1404             267
            1405               7
            1406              26
            1407              24
            1408             384
            1409               2
            1410              78
            1411               8
            1412              26
            1413              16
            1414              27
            1415               8
            1416             183
            1417               6
            1418               8
            1419              26
            1420              77
            1421              16
            1422              52
            1423               3
            1424             113
            1425              53
            1426              26
            1427               3
            1428             239
            1429               2
            1430              80
            1431              30
            1432              59
            1433               3
            1434              26
            1435              26
            1436              26
            1437               8
            1438               8
            1439               3
            1440            1131
            1441               8
            1442              27
            1443              22
            1444              52
            1445              16
            1446              27
            1447               2
            1448              60
            1449              53
            1450              53
