               1               1
               2               1
               3               1
               4               2
               5               1
               6               1
               7               1
               8               2
               9               2
              10               1
              11               1
              12               2
              13               1
              14               1
              15               1
              16               3
              17               1
              18               2
              19               1
              20               2
              21               1
              22               1
              23               1
              24               2
              25               2
              26               1
              27               5
              28               2
              29               1
              30               1
              31               1
              32               3
              33               1
              34               1
              35               1
              36               4
              37               1
              38               1
              39               1
              40               2
              41               1
              42               1
              43               1
              44               2
              45               2
              46               1
              47               1
              48               3
              49               2
              50               2
              51               1
              52               2
              53               1
              54               5
              55               1
              56               2
              57               1
              58               1
              59               1
              60               2
              61               1
              62               1
              63               2
              64               4
              65               1
              66               1
              67               1
              68               2
              69               1
              70               1
              71               1
              72               4
              73               1
              74               1
              75               2
              76               2
              77               1
              78               1
              79               1
              80               3
              81               6
              82               1
              83               1
              84               2
              85               1
              86               1
              87               1
              88               2
              89               1
              90               2
              91               1
              92               2
              93               1
              94               1
              95               1
              96               3
              97               1
              98               2
              99               2
             100               4
             101               1
             102               1
             103               1
             104               2
             105               1
             106               1
             107               1
             108              10
             109               1
             110               1
             111               1
             112               3
             113               1
             114               1
             115               1
             116               2
             117               2
             118               1
             119               1
             120               2
             121               2
             122               1
             123               1
             124               2
             125               2
             126               2
             127               1
             128               4
             129               1
             130               1
             131               1
             132               2
             133               1
             134               1
             135               5
             136               2
             137               1
             138               1
             139               1
             140               2
             141               1
             142               1
             143               1
             144               6
             145               1
             146               1
             147               2
             148               2
             149               1
             150               2
             151               1
             152               2
             153               2
             154               1
             155               1
             156               2
             157               1
             158               1
             159               1
             160               3
             161               1
             162               6
             163               1
             164               2
             165               1
             166               1
             167               1
             168               2
             169               2
             170               1
             171               2
             172               2
             173               1
             174               1
             175               2
             176               3
             177               1
             178               1
             179               1
             180               4
             181               1
             182               1
             183               1
             184               2
             185               1
             186               1
             187               1
             188               2
             189               5
             190               1
             191               1
             192               4
             193               1
             194               1
             195               1
             196               4
             197               1
             198               2
             199               1
             200               4
             201               1
             202               1
             203               1
             204               2
             205               1
             206               1
             207               2
             208               3
             209               1
             210               1
             211               1
             212               2
             213               1
             214               1
             215               1
             216              10
             217               1
             218               1
             219               1
             220               2
             221               1
             222               1
             223               1
             224               3
             225               4
             226               1
             227               1
             228               2
             229               1
             230               1
             231               1
             232               2
             233               1
             234               2
             235               1
             236               2
             237               1
             238               1
             239               1
             240               3
             241               1
             242               2
             243               9
             244               2
             245               2
             246               1
             247               1
             248               2
             249               1
             250               2
             251               1
             252               4
             253               1
             254               1
             255               1
             256               5
             257               1
             258               1
             259               1
             260               2
             261               2
             262               1
             263               1
             264               2
             265               1
             266               1
             267               1
             268               2
             269               1
             270               5
             271               1
             272               3
             273               1
             274               1
             275               2
             276               2
             277               1
             278               1
             279               2
             280               2
             281               1
             282               1
             283               1
             284               2
             285               1
             286               1
             287               1
             288               6
             289               2
             290               1
             291               1
             292               2
             293               1
             294               2
             295               1
             296               2
             297               5
             298               1
             299               1
             300               4
             301               1
             302               1
             303               1
             304               3
             305               1
             306               2
             307               1
             308               2
             309               1
             310               1
             311               1
             312               2
             313               1
             314               1
             315               2
             316               2
             317               1
             318               1
             319               1
             320               4
             321               1
             322               1
             323               1
             324              12
             325               2
             326               1
             327               1
             328               2
             329               1
             330               1
             331               1
             332               2
             333               2
             334               1
             335               1
             336               3
             337               1
             338               2
             339               1
             340               2
             341               1
             342               2
             343               2
             344               2
             345               1
             346               1
             347               1
             348               2
             349               1
             350               2
             351               5
             352               3
             353               1
             354               1
             355               1
             356               2
             357               1
             358               1
             359               1
             360               4
             361               2
             362               1
             363               2
             364               2
             365               1
             366               1
             367               1
             368               3
             369               2
             370               1
             371               1
             372               2
             373               1
             374               1
             375               2
             376               2
             377               1
             378               5
             379               1
             380               2
             381               1
             382               1
             383               1
             384               4
             385               1
             386               1
             387               2
             388               2
             389               1
             390               1
             391               1
             392               4
             393               1
             394               1
             395               1
             396               4
             397               1
             398               1
             399               1
             400               6
             401               1
             402               1
             403               1
             404               2
             405               6
             406               1
             407               1
             408               2
             409               1
             410               1
             411               1
             412               2
             413               1
             414               2
             415               1
             416               3
             417               1
             418               1
             419               1
             420               2
             421               1
             422               1
             423               2
             424               2
             425               2
             426               1
             427               1
             428               2
             429               1
             430               1
             431               1
             432              15
             433               1
             434               1
             435               1
             436               2
             437               1
             438               1
             439               1
             440               2
             441               4
             442               1
             443               1
             444               2
             445               1
             446               1
             447               1
             448               4
             449               1
             450               4
             451               1
             452               2
             453               1
             454               1
             455               1
             456               2
             457               1
             458               1
             459               5
             460               2
             461               1
             462               1
             463               1
             464               3
             465               1
             466               1
             467               1
             468               4
             469               1
             470               1
             471               1
             472               2
             473               1
             474               1
             475               2
             476               2
             477               2
             478               1
             479               1
             480               3
             481               1
             482               1
             483               1
             484               4
             485               1
             486               9
             487               1
             488               2
             489               1
             490               2
             491               1
             492               2
             493               1
             494               1
             495               2
             496               3
             497               1
             498               1
             499               1
             500               4
             501               1
             502               1
             503               1
             504               4
             505               1
             506               1
             507               2
             508               2
             509               1
             510               1
             511               1
             512               5
             513               5
             514               1
             515               1
             516               2
             517               1
             518               1
             519               1
             520               2
             521               1
             522               2
             523               1
             524               2
             525               2
             526               1
             527               1
             528               3
             529               2
             530               1
             531               2
             532               2
             533               1
             534               1
             535               1
             536               2
             537               1
             538               1
             539               2
             540              10
             541               1
             542               1
             543               1
             544               3
             545               1
             546               1
             547               1
             548               2
             549               2
             550               2
             551               1
             552               2
             553               1
             554               1
             555               1
             556               2
             557               1
             558               2
             559               1
             560               3
             561               1
             562               1
             563               1
             564               2
             565               1
             566               1
             567               6
             568               2
             569               1
             570               1
             571               1
             572               2
             573               1
             574               1
             575               2
             576               8
             577               1
             578               2
             579               1
             580               2
             581               1
             582               1
             583               1
             584               2
             585               2
             586               1
             587               1
             588               4
             589               1
             590               1
             591               1
             592               3
             593               1
             594               5
             595               1
             596               2
             597               1
             598               1
             599               1
             600               4
             601               1
             602               1
             603               2
             604               2
             605               2
             606               1
             607               1
             608               3
             609               1
             610               1
             611               1
             612               4
             613               1
             614               1
             615               1
             616               2
             617               1
             618               1
             619               1
             620               2
             621               5
             622               1
             623               1
             624               3
             625               3
             626               1
             627               1
             628               2
             629               1
             630               2
             631               1
             632               2
             633               1
             634               1
             635               1
             636               2
             637               2
             638               1
             639               2
             640               4
             641               1
             642               1
             643               1
             644               2
             645               1
             646               1
             647               1
             648              12
             649               1
             650               2
             651               1
             652               2
             653               1
             654               1
             655               1
             656               3
             657               2
             658               1
             659               1
             660               2
             661               1
             662               1
             663               1
             664               2
             665               1
             666               2
             667               1
             668               2
             669               1
             670               1
             671               1
             672               3
             673               1
             674               1
             675              10
             676               4
             677               1
             678               1
             679               1
             680               2
             681               1
             682               1
             683               1
             684               4
             685               1
             686               2
             687               1
             688               3
             689               1
             690               1
             691               1
             692               2
             693               2
             694               1
             695               1
             696               2
             697               1
             698               1
             699               1
             700               4
             701               1
             702               5
             703               1
             704               4
             705               1
             706               1
             707               1
             708               2
             709               1
             710               1
             711               2
             712               2
             713               1
             714               1
             715               1
             716               2
             717               1
             718               1
             719               1
             720               6
             721               1
             722               2
             723               1
             724               2
             725               2
             726               2
             727               1
             728               2
             729              10
             730               1
             731               1
             732               2
             733               1
             734               1
             735               2
             736               3
             737               1
             738               2
             739               1
             740               2
             741               1
             742               1
             743               1
             744               2
             745               1
             746               1
             747               2
             748               2
             749               1
             750               2
             751               1
             752               3
             753               1
             754               1
             755               1
             756              10
             757               1
             758               1
             759               1
             760               2
             761               1
             762               1
             763               1
             764               2
             765               2
             766               1
             767               1
             768               5
             769               1
             770               1
             771               1
             772               2
             773               1
             774               2
             775               2
             776               2
             777               1
             778               1
             779               1
             780               2
             781               1
             782               1
             783               5
             784               6
             785               1
             786               1
             787               1
             788               2
             789               1
             790               1
             791               1
             792               4
             793               1
             794               1
             795               1
             796               2
             797               1
             798               1
             799               1
             800               6
             801               2
             802               1
             803               1
             804               2
             805               1
             806               1
             807               1
             808               2
             809               1
             810               6
             811               1
             812               2
             813               1
             814               1
             815               1
             816               3
             817               1
             818               1
             819               2
             820               2
             821               1
             822               1
             823               1
             824               2
             825               2
             826               1
             827               1
             828               4
             829               1
             830               1
             831               1
             832               4
             833               2
             834               1
             835               1
             836               2
             837               5
             838               1
             839               1
             840               2
             841               2
             842               1
             843               1
             844               2
             845               2
             846               2
             847               2
             848               3
             849               1
             850               2
             851               1
             852               2
             853               1
             854               1
             855               2
             856               2
             857               1
             858               1
             859               1
             860               2
             861               1
             862               1
             863               1
             864              15
             865               1
             866               1
             867               2
             868               2
             869               1
             870               1
             871               1
             872               2
             873               2
             874               1
             875               2
             876               2
             877               1
             878               1
             879               1
             880               3
             881               1
             882               4
             883               1
             884               2
             885               1
             886               1
             887               1
             888               2
             889               1
             890               1
             891               6
             892               2
             893               1
             894               1
             895               1
             896               4
             897               1
             898               1
             899               1
             900               8
             901               1
             902               1
             903               1
             904               2
             905               1
             906               1
             907               1
             908               2
             909               2
             910               1
             911               1
             912               3
             913               1
             914               1
             915               1
             916               2
             917               1
             918               5
             919               1
             920               2
             921               1
             922               1
             923               1
             924               2
             925               2
             926               1
             927               2
             928               3
             929               1
             930               1
             931               2
             932               2
             933               1
             934               1
             935               1
             936               4
             937               1
             938               1
             939               1
             940               2
             941               1
             942               1
             943               1
             944               3
             945               5
             946               1
             947               1
             948               2
             949               1
             950               2
             951               1
             952               2
             953               1
             954               2
             955               1
             956               2
             957               1
             958               1
             959               1
             960               4
             961               2
             962               1
             963               2
             964               2
             965               1
             966               1
             967               1
             968               4
             969               1
             970               1
             971               1
             972              18
             973               1
             974               1
             975               2
             976               3
             977               1
             978               1
             979               1
             980               4
             981               2
             982               1
             983               1
             984               2
             985               1
             986               1
             987               1
             988               2
             989               1
             990               2
             991               1
             992               3
             993               1
             994               1
             995               1
             996               2
             997               1
             998               1
             999               5
            1000               4
            1001               1
            1002               1
            1003               1
            1004               2
            1005               1
            1006               1
            1007               1
            1008               6
            1009               1
            1010               1
            1011               1
            1012               2
            1013               1
            1014               2
            1015               1
            1016               2
            1017               2
            1018               1
            1019               1
            1020               2
            1021               1
            1022               1
            1023               1
            1024               6
            1025               2
            1026               5
            1027               1
            1028               2
            1029               2
            1030               1
            1031               1
            1032               2
            1033               1
            1034               1
            1035               2
            1036               2
            1037               1
            1038               1
            1039               1
            1040               3
            1041               1
            1042               1
            1043               1
            1044               4
            1045               1
            1046               1
            1047               1
            1048               2
            1049               1
            1050               2
            1051               1
            1052               2
            1053               6
            1054               1
            1055               1
            1056               3
            1057               1
            1058               2
            1059               1
            1060               2
            1061               1
            1062               2
            1063               1
            1064               2
            1065               1
            1066               1
            1067               1
            1068               2
            1069               1
            1070               1
            1071               2
            1072               3
            1073               1
            1074               1
            1075               2
            1076               2
            1077               1
            1078               2
            1079               1
            1080              10
            1081               1
            1082               1
            1083               2
            1084               2
            1085               1
            1086               1
            1087               1
            1088               4
            1089               4
            1090               1
            1091               1
            1092               2
            1093               1
            1094               1
            1095               1
            1096               2
            1097               1
            1098               2
            1099               1
            1100               4
            1101               1
            1102               1
            1103               1
            1104               3
            1105               1
            1106               1
            1107               5
            1108               2
            1109               1
            1110               1
            1111               1
            1112               2
            1113               1
            1114               1
            1115               1
            1116               4
            1117               1
            1118               1
            1119               1
            1120               3
            1121               1
            1122               1
            1123               1
            1124               2
            1125               4
            1126               1
            1127               2
            1128               2
            1129               1
            1130               1
            1131               1
            1132               2
            1133               1
            1134               6
            1135               1
            1136               3
            1137               1
            1138               1
            1139               1
            1140               2
            1141               1
            1142               1
            1143               2
            1144               2
            1145               1
            1146               1
            1147               1
            1148               2
            1149               1
            1150               2
            1151               1
            1152               8
            1153               1
            1154               1
            1155               1
            1156               4
            1157               1
            1158               1
            1159               1
            1160               2
            1161               5
            1162               1
            1163               1
            1164               2
            1165               1
            1166               1
            1167               1
            1168               3
            1169               1
            1170               2
            1171               1
            1172               2
            1173               1
            1174               1
            1175               2
            1176               4
            1177               1
            1178               1
            1179               2
            1180               2
            1181               1
            1182               1
            1183               2
            1184               3
            1185               1
            1186               1
            1187               1
            1188              10
            1189               1
            1190               1
            1191               1
            1192               2
            1193               1
            1194               1
            1195               1
            1196               2
            1197               2
            1198               1
            1199               1
            1200               6
            1201               1
            1202               1
            1203               1
            1204               2
            1205               1
            1206               2
            1207               1
            1208               2
            1209               1
            1210               2
            1211               1
            1212               2
            1213               1
            1214               1
            1215               9
            1216               4
            1217               1
            1218               1
            1219               1
            1220               2
            1221               1
            1222               1
            1223               1
            1224               4
            1225               4
            1226               1
            1227               1
            1228               2
            1229               1
            1230               1
            1231               1
            1232               3
            1233               2
            1234               1
            1235               1
            1236               2
            1237               1
            1238               1
            1239               1
            1240               2
            1241               1
            1242               5
            1243               1
            1244               2
            1245               1
            1246               1
            1247               1
            1248               3
            1249               1
            1250               3
            1251               2
            1252               2
            1253               1
            1254               1
            1255               1
            1256               2
            1257               1
            1258               1
            1259               1
            1260               4
            1261               1
            1262               1
            1263               1
            1264               3
            1265               1
            1266               1
            1267               1
            1268               2
            1269               5
            1270               1
            1271               1
            1272               2
            1273               1
            1274               2
            1275               2
            1276               2
            1277               1
            1278               2
            1279               1
            1280               5
            1281               1
            1282               1
            1283               1
            1284               2
            1285               1
            1286               1
            1287               2
            1288               2
            1289               1
            1290               1
            1291               1
            1292               2
            1293               1
            1294               1
            1295               1
            1296              18
            1297               1
            1298               1
            1299               1
            1300               4
            1301               1
            1302               1
            1303               1
            1304               2
            1305               2
            1306               1
            1307               1
            1308               2
            1309               1
            1310               1
            1311               1
            1312               3
            1313               1
            1314               2
            1315               1
            1316               2
            1317               1
            1318               1
            1319               1
            1320               2
            1321               1
            1322               1
            1323              10
            1324               2
            1325               2
            1326               1
            1327               1
            1328               3
            1329               1
            1330               1
            1331               2
            1332               4
            1333               1
            1334               1
            1335               1
            1336               2
            1337               1
            1338               1
            1339               1
            1340               2
            1341               2
            1342               1
            1343               1
            1344               4
            1345               1
            1346               1
            1347               1
            1348               2
            1349               1
            1350              10
            1351               1
            1352               4
            1353               1
            1354               1
            1355               1
            1356               2
            1357               1
            1358               1
            1359               2
            1360               3
            1361               1
            1362               1
            1363               1
            1364               2
            1365               1
            1366               1
            1367               1
            1368               4
            1369               2
            1370               1
            1371               1
            1372               4
            1373               1
            1374               1
            1375               2
            1376               3
            1377               6
            1378               1
            1379               1
            1380               2
            1381               1
            1382               1
            1383               1
            1384               2
            1385               1
            1386               2
            1387               1
            1388               2
            1389               1
            1390               1
            1391               1
            1392               3
            1393               1
            1394               1
            1395               2
            1396               2
            1397               1
            1398               1
            1399               1
            1400               4
            1401               1
            1402               1
            1403               1
            1404              10
            1405               1
            1406               1
            1407               1
            1408               4
            1409               1
            1410               1
            1411               1
            1412               2
            1413               2
            1414               1
            1415               1
            1416               2
            1417               1
            1418               1
            1419               1
            1420               2
            1421               2
            1422               2
            1423               1
            1424               3
            1425               2
            1426               1
            1427               1
            1428               2
            1429               1
            1430               1
            1431               5
            1432               2
            1433               1
            1434               1
            1435               1
            1436               2
            1437               1
            1438               1
            1439               1
            1440               6
            1441               1
            1442               1
            1443               1
            1444               4
            1445               2
            1446               1
            1447               1
            1448               2
            1449               2
            1450               2
