               1               1
               2               7
               3               3
               4              19
               5               3
               6              21
               7               3
               8              37
               9               6
              10              21
              11               3
              12              57
              13               3
              14              21
              15               9
              16              61
              17               3
              18              42
              19               3
              20              57
              21               9
              22              21
              23               3
              24             111
              25               6
              26              21
              27              10
              28              57
              29               3
              30              63
              31               3
              32              91
              33               9
              34              21
              35               9
              36             114
              37               3
              38              21
              39               9
              40             111
              41               3
              42              63
              43               3
              44              57
              45              18
              46              21
              47               3
              48             183
              49               6
              50              42
              51               9
              52              57
              53               3
              54              70
              55               9
              56             111
              57               9
              58              21
              59               3
              60             171
              61               3
              62              21
              63              18
              64             127
              65               9
              66              63
              67               3
              68              57
              69               9
              70              63
              71               3
              72             222
              73               3
              74              21
              75              18
              76              57
              77               9
              78              63
              79               3
              80             183
              81              15
              82              21
              83               3
              84             171
              85               9
              86              21
              87               9
              88             111
              89               3
              90             126
              91               9
              92              57
              93               9
              94              21
              95               9
              96             273
              97               3
              98              42
              99              18
             100             114
             101               3
             102              63
             103               3
             104             111
             105              27
             106              21
             107               3
             108             190
             109               3
             110              63
             111               9
             112             183
             113               3
             114              63
             115               9
             116              57
             117              18
             118              21
             119               9
             120             333
             121               6
             122              21
             123               9
             124              57
             125              10
             126             126
             127               3
             128             169
             129               9
             130              63
             131               3
             132             171
             133               9
             134              21
             135              30
             136             111
             137               3
             138              63
             139               3
             140             171
             141               9
             142              21
             143               9
             144             366
             145               9
             146              21
             147              18
             148              57
             149               3
             150             126
             151               3
             152             111
             153              18
             154              63
             155               9
             156             171
             157               3
             158              21
             159               9
             160             273
             161               9
             162             105
             163               3
             164              57
             165              27
             166              21
             167               3
             168             333
             169               6
             170              63
             171              18
             172              57
             173               3
             174              63
             175              18
             176             183
             177               9
             178              21
             179               3
             180             342
             181               3
             182              63
             183               9
             184             111
             185               9
             186              63
             187               9
             188              57
             189              30
             190              63
             191               3
             192             381
             193               3
             194              21
             195              27
             196             114
             197               3
             198             126
             199               3
             200             222
             201               9
             202              21
             203               9
             204             171
             205               9
             206              21
             207              18
             208             183
             209               9
             210             189
             211               3
             212              57
             213               9
             214              21
             215               9
             216             370
             217               9
             218              21
             219               9
             220             171
             221               9
             222              63
             223               3
             224             273
             225              36
             226              21
             227               3
             228             171
             229               3
             230              63
             231              27
             232             111
             233               3
             234             126
             235               9
             236              57
             237               9
             238              63
             239               3
             240             549
             241               3
             242              42
             243              21
             244              57
             245              18
             246              63
             247               9
             248             111
             249               9
             250              70
             251               3
             252             342
             253               9
             254              21
             255              27
             256             217
             257               3
             258              63
             259               9
             260             171
             261              18
             262              21
             263               3
             264             333
             265               9
             266              63
             267               9
             268              57
             269               3
             270             210
             271               3
             272             183
             273              27
             274              21
             275              18
             276             171
             277               3
             278              21
             279              18
             280             333
             281               3
             282              63
             283               3
             284              57
             285              27
             286              63
             287               9
             288             546
             289               6
             290              63
             291               9
             292              57
             293               3
             294             126
             295               9
             296             111
             297              30
             298              21
             299               9
             300             342
             301               9
             302              21
             303               9
             304             183
             305               9
             306             126
             307               3
             308             171
             309               9
             310              63
             311               3
             312             333
             313               3
             314              21
             315              54
             316              57
             317               3
             318              63
             319               9
             320             381
             321               9
             322              63
             323               9
             324             285
             325              18
             326              21
             327               9
             328             111
             329               9
             330             189
             331               3
             332              57
             333              18
             334              21
             335               9
             336             549
             337               3
             338              42
             339               9
             340             171
             341               9
             342             126
             343              10
             344             111
             345              27
             346              21
             347               3
             348             171
             349               3
             350             126
             351              30
             352             273
             353               3
             354              63
             355               9
             356              57
             357              27
             358              21
             359               3
             360             666
             361               6
             362              21
             363              18
             364             171
             365               9
             366              63
             367               3
             368             183
             369              18
             370              63
             371               9
             372             171
             373               3
             374              63
             375              30
             376             111
             377               9
             378             210
             379               3
             380             171
             381               9
             382              21
             383               3
             384             507
             385              27
             386              21
             387              18
             388              57
             389               3
             390             189
             391               9
             392             222
             393               9
             394              21
             395               9
             396             342
             397               3
             398              21
             399              27
             400             366
             401               3
             402              63
             403               9
             404              57
             405              45
             406              63
             407               9
             408             333
             409               3
             410              63
             411               9
             412              57
             413               9
             414             126
             415               9
             416             273
             417               9
             418              63
             419               3
             420             513
             421               3
             422              21
             423              18
             424             111
             425              18
             426              63
             427               9
             428              57
             429              27
             430              63
             431               3
             432             610
             433               3
             434              63
             435              27
             436              57
             437               9
             438              63
             439               3
             440             333
             441              36
             442              63
             443               3
             444             171
             445               9
             446              21
             447               9
             448             381
             449               3
             450             252
             451               9
             452              57
             453               9
             454              21
             455              27
             456             333
             457               3
             458              21
             459              30
             460             171
             461               3
             462             189
             463               3
             464             183
             465              27
             466              21
             467               3
             468             342
             469               9
             470              63
             471               9
             472             111
             473               9
             474              63
             475              18
             476             171
             477              18
             478              21
             479               3
             480             819
             481               9
             482              21
             483              27
             484             114
             485               9
             486             147
             487               3
             488             111
             489               9
             490             126
             491               3
             492             171
             493               9
             494              63
             495              54
             496             183
             497               9
             498              63
             499               3
             500             190
             501               9
             502              21
             503               3
             504             666
             505               9
             506              63
             507              18
             508              57
             509               3
             510             189
             511               9
             512             271
             513              30
             514              21
             515               9
             516             171
             517               9
             518              63
             519               9
             520             333
             521               3
             522             126
             523               3
             524              57
             525              54
             526              21
             527               9
             528             549
             529               6
             530              63
             531              18
             532             171
             533               9
             534              63
             535               9
             536             111
             537               9
             538              21
             539              18
             540             570
             541               3
             542              21
             543               9
             544             273
             545               9
             546             189
             547               3
             548              57
             549              18
             550             126
             551               9
             552             333
             553               9
             554              21
             555              27
             556              57
             557               3
             558             126
             559               9
             560             549
             561              27
             562              21
             563               3
             564             171
             565               9
             566              21
             567              45
             568             111
             569               3
             570             189
             571               3
             572             171
             573               9
             574              63
             575              18
             576             762
             577               3
             578              42
             579               9
             580             171
             581               9
             582              63
             583               9
             584             111
             585              54
             586              21
             587               3
             588             342
             589               9
             590              63
             591               9
             592             183
             593               3
             594             210
             595              27
             596              57
             597               9
             598              63
             599               3
             600             666
             601               3
             602              63
             603              18
             604              57
             605              18
             606              63
             607               3
             608             273
             609              27
             610              63
             611               9
             612             342
             613               3
             614              21
             615              27
             616             333
             617               3
             618              63
             619               3
             620             171
             621              30
             622              21
             623               9
             624             549
             625              15
             626              21
             627              27
             628              57
             629               9
             630             378
             631               3
             632             111
             633               9
             634              21
             635               9
             636             171
             637              18
             638              63
             639              18
             640             507
             641               3
             642              63
             643               3
             644             171
             645              27
             646              63
             647               3
             648             555
             649               9
             650             126
             651              27
             652              57
             653               3
             654              63
             655               9
             656             183
             657              18
             658              63
             659               3
             660             513
             661               3
             662              21
             663              27
             664             111
             665              27
             666             126
             667               9
             668              57
             669               9
             670              63
             671               9
             672             819
             673               3
             674              21
             675              60
             676             114
             677               3
             678              63
             679               9
             680             333
             681               9
             682              63
             683               3
             684             342
             685               9
             686              70
             687               9
             688             183
             689               9
             690             189
             691               3
             692              57
             693              54
             694              21
             695               9
             696             333
             697               9
             698              21
             699               9
             700             342
             701               3
             702             210
             703               9
             704             381
             705              27
             706              21
             707               9
             708             171
             709               3
             710              63
             711              18
             712             111
             713               9
             714             189
             715              27
             716              57
             717               9
             718              21
             719               3
             720            1098
             721               9
             722              42
             723               9
             724              57
             725              18
             726             126
             727               3
             728             333
             729              28
             730              63
             731               9
             732             171
             733               3
             734              21
             735              54
             736             273
             737               9
             738             126
             739               3
             740             171
             741              27
             742              63
             743               3
             744             333
             745               9
             746              21
             747              18
             748             171
             749               9
             750             210
             751               3
             752             183
             753               9
             754              63
             755               9
             756             570
             757               3
             758              21
             759              27
             760             333
             761               3
             762              63
             763               9
             764              57
             765              54
             766              21
             767               9
             768             651
             769               3
             770             189
             771               9
             772              57
             773               3
             774             126
             775              18
             776             111
             777              27
             778              21
             779               9
             780             513
             781               9
             782              63
             783              30
             784             366
             785               9
             786              63
             787               3
             788              57
             789               9
             790              63
             791               9
             792             666
             793               9
             794              21
             795              27
             796              57
             797               3
             798             189
             799               9
             800             546
             801              18
             802              21
             803               9
             804             171
             805              27
             806              63
             807               9
             808             111
             809               3
             810             315
             811               3
             812             171
             813               9
             814              63
             815               9
             816             549
             817               9
             818              21
             819              54
             820             171
             821               3
             822              63
             823               3
             824             111
             825              54
             826              63
             827               3
             828             342
             829               3
             830              63
             831               9
             832             381
             833              18
             834              63
             835               9
             836             171
             837              30
             838              21
             839               3
             840             999
             841               6
             842              21
             843               9
             844              57
             845              18
             846             126
             847              18
             848             183
             849               9
             850             126
             851               9
             852             171
             853               3
             854              63
             855              54
             856             111
             857               3
             858             189
             859               3
             860             171
             861              27
             862              21
             863               3
             864             910
             865               9
             866              21
             867              18
             868             171
             869               9
             870             189
             871               9
             872             111
             873              18
             874              63
             875              30
             876             171
             877               3
             878              21
             879               9
             880             549
             881               3
             882             252
             883               3
             884             171
             885              27
             886              21
             887               3
             888             333
             889               9
             890              63
             891              45
             892              57
             893               9
             894              63
             895               9
             896             507
             897              27
             898              21
             899               9
             900             684
             901               9
             902              63
             903              27
             904             111
             905               9
             906              63
             907               3
             908              57
             909              18
             910             189
             911               3
             912             549
             913               9
             914              21
             915              27
             916              57
             917               9
             918             210
             919               3
             920             333
             921               9
             922              21
             923               9
             924             513
             925              18
             926              21
             927              18
             928             273
             929               3
             930             189
             931              18
             932              57
             933               9
             934              21
             935              27
             936             666
             937               3
             938              63
             939               9
             940             171
             941               3
             942              63
             943               9
             944             183
             945              90
             946              63
             947               3
             948             171
             949               9
             950             126
             951               9
             952             333
             953               3
             954             126
             955               9
             956              57
             957              27
             958              21
             959               9
             960            1143
             961               6
             962              63
             963              18
             964              57
             965               9
             966             189
             967               3
             968             222
             969              27
             970              63
             971               3
             972             399
             973               9
             974              21
             975              54
             976             183
             977               3
             978              63
             979               9
             980             342
             981              18
             982              21
             983               3
             984             333
             985               9
             986              63
             987              27
             988             171
             989               9
             990             378
             991               3
             992             273
             993               9
             994              63
             995               9
             996             171
             997               3
             998              21
             999              30
            1000             370
            1001              27
            1002              63
            1003               9
            1004              57
            1005              27
            1006              21
            1007               9
            1008            1098
            1009               3
            1010              63
            1011               9
            1012             171
            1013               3
            1014             126
            1015              27
            1016             111
            1017              18
            1018              21
            1019               3
            1020             513
            1021               3
            1022              63
            1023              27
            1024             331
            1025              18
            1026             210
            1027               9
            1028              57
            1029              30
            1030              63
            1031               3
            1032             333
            1033               3
            1034              63
            1035              54
            1036             171
            1037               9
            1038              63
            1039               3
            1040             549
            1041               9
            1042              21
            1043               9
            1044             342
            1045              27
            1046              21
            1047               9
            1048             111
            1049               3
            1050             378
            1051               3
            1052              57
            1053              45
            1054              63
            1055               9
            1056             819
            1057               9
            1058              42
            1059               9
            1060             171
            1061               3
            1062             126
            1063               3
            1064             333
            1065              27
            1066              63
            1067               9
            1068             171
            1069               3
            1070              63
            1071              54
            1072             183
            1073               9
            1074              63
            1075              18
            1076              57
            1077               9
            1078             126
            1079               9
            1080            1110
            1081               9
            1082              21
            1083              18
            1084              57
            1085              27
            1086              63
            1087               3
            1088             381
            1089              36
            1090              63
            1091               3
            1092             513
            1093               3
            1094              21
            1095              27
            1096             111
            1097               3
            1098             126
            1099               9
            1100             342
            1101               9
            1102              63
            1103               3
            1104             549
            1105              27
            1106              63
            1107              30
            1108              57
            1109               3
            1110             189
            1111               9
            1112             111
            1113              27
            1114              21
            1115               9
            1116             342
            1117               3
            1118              63
            1119               9
            1120             819
            1121               9
            1122             189
            1123               3
            1124              57
            1125              60
            1126              21
            1127              18
            1128             333
            1129               3
            1130              63
            1131              27
            1132              57
            1133               9
            1134             315
            1135               9
            1136             183
            1137               9
            1138              21
            1139               9
            1140             513
            1141               9
            1142              21
            1143              18
            1144             333
            1145               9
            1146              63
            1147               9
            1148             171
            1149               9
            1150             126
            1151               3
            1152            1014
            1153               3
            1154              21
            1155              81
            1156             114
            1157               9
            1158              63
            1159               9
            1160             333
            1161              30
            1162              63
            1163               3
            1164             171
            1165               9
            1166              63
            1167               9
            1168             183
            1169               9
            1170             378
            1171               3
            1172              57
            1173              27
            1174              21
            1175              18
            1176             666
            1177               9
            1178              63
            1179              18
            1180             171
            1181               3
            1182              63
            1183              18
            1184             273
            1185              27
            1186              21
            1187               3
            1188             570
            1189               9
            1190             189
            1191               9
            1192             111
            1193               3
            1194              63
            1195               9
            1196             171
            1197              54
            1198              21
            1199               9
            1200            1098
            1201               3
            1202              21
            1203               9
            1204             171
            1205               9
            1206             126
            1207               9
            1208             111
            1209              27
            1210             126
            1211               9
            1212             171
            1213               3
            1214              21
            1215              63
            1216             381
            1217               3
            1218             189
            1219               9
            1220             171
            1221              27
            1222              63
            1223               3
            1224             666
            1225              36
            1226              21
            1227               9
            1228              57
            1229               3
            1230             189
            1231               3
            1232             549
            1233              18
            1234              21
            1235              27
            1236             171
            1237               3
            1238              21
            1239              27
            1240             333
            1241               9
            1242             210
            1243               9
            1244              57
            1245              27
            1246              63
            1247               9
            1248             819
            1249               3
            1250             105
            1251              18
            1252              57
            1253               9
            1254             189
            1255               9
            1256             111
            1257               9
            1258              63
            1259               3
            1260            1026
            1261               9
            1262              21
            1263               9
            1264             183
            1265              27
            1266              63
            1267               9
            1268              57
            1269              30
            1270              63
            1271               9
            1272             333
            1273               9
            1274             126
            1275              54
            1276             171
            1277               3
            1278             126
            1279               3
            1280             651
            1281              27
            1282              21
            1283               3
            1284             171
            1285               9
            1286              21
            1287              54
            1288             333
            1289               3
            1290             189
            1291               3
            1292             171
            1293               9
            1294              21
            1295              27
            1296             915
            1297               3
            1298              63
            1299               9
            1300             342
            1301               3
            1302             189
            1303               3
            1304             111
            1305              54
            1306              21
            1307               3
            1308             171
            1309              27
            1310              63
            1311              27
            1312             273
            1313               9
            1314             126
            1315               9
            1316             171
            1317               9
            1318              21
            1319               3
            1320             999
            1321               3
            1322              21
            1323              60
            1324              57
            1325              18
            1326             189
            1327               3
            1328             183
            1329               9
            1330             189
            1331              10
            1332             342
            1333               9
            1334              63
            1335              27
            1336             111
            1337               9
            1338              63
            1339               9
            1340             171
            1341              18
            1342              63
            1343               9
            1344            1143
            1345               9
            1346              21
            1347               9
            1348              57
            1349               9
            1350             420
            1351               9
            1352             222
            1353              27
            1354              21
            1355               9
            1356             171
            1357               9
            1358              63
            1359              18
            1360             549
            1361               3
            1362              63
            1363               9
            1364             171
            1365              81
            1366              21
            1367               3
            1368             666
            1369               6
            1370              63
            1371               9
            1372             190
            1373               3
            1374              63
            1375              30
            1376             273
            1377              45
            1378              63
            1379               9
            1380             513
            1381               3
            1382              21
            1383               9
            1384             111
            1385               9
            1386             378
            1387               9
            1388              57
            1389               9
            1390              63
            1391               9
            1392             549
            1393               9
            1394              63
            1395              54
            1396              57
            1397               9
            1398              63
            1399               3
            1400             666
            1401               9
            1402              21
            1403               9
            1404             570
            1405               9
            1406              63
            1407              27
            1408             507
            1409               3
            1410             189
            1411               9
            1412              57
            1413              18
            1414              63
            1415               9
            1416             333
            1417               9
            1418              21
            1419              27
            1420             171
            1421              18
            1422             126
            1423               3
            1424             183
            1425              54
            1426              63
            1427               3
            1428             513
            1429               3
            1430             189
            1431              30
            1432             111
            1433               3
            1434              63
            1435              27
            1436              57
            1437               9
            1438              21
            1439               3
            1440            1638
            1441               9
            1442              63
            1443              27
            1444             114
            1445              18
            1446              63
            1447               3
            1448             111
            1449              54
            1450             126
