               1               1
               2               3
               3               1
               4               5
               5               1
               6               3
               7               1
               8               7
               9               2
              10               3
              11               1
              12               5
              13               1
              14               3
              15               1
              16               9
              17               1
              18               6
              19               1
              20               5
              21               1
              22               3
              23               1
              24               7
              25               2
              26               3
              27               2
              28               5
              29               1
              30               3
              31               1
              32              11
              33               1
              34               3
              35               1
              36              10
              37               1
              38               3
              39               1
              40               7
              41               1
              42               3
              43               1
              44               5
              45               2
              46               3
              47               1
              48               9
              49               2
              50               6
              51               1
              52               5
              53               1
              54               6
              55               1
              56               7
              57               1
              58               3
              59               1
              60               5
              61               1
              62               3
              63               2
              64              13
              65               1
              66               3
              67               1
              68               5
              69               1
              70               3
              71               1
              72              14
              73               1
              74               3
              75               2
              76               5
              77               1
              78               3
              79               1
              80               9
              81               3
              82               3
              83               1
              84               5
              85               1
              86               3
              87               1
              88               7
              89               1
              90               6
              91               1
              92               5
              93               1
              94               3
              95               1
              96              11
              97               1
              98               6
              99               2
             100              10
             101               1
             102               3
             103               1
             104               7
             105               1
             106               3
             107               1
             108              10
             109               1
             110               3
             111               1
             112               9
             113               1
             114               3
             115               1
             116               5
             117               2
             118               3
             119               1
             120               7
             121               2
             122               3
             123               1
             124               5
             125               2
             126               6
             127               1
             128              15
             129               1
             130               3
             131               1
             132               5
             133               1
             134               3
             135               2
             136               7
             137               1
             138               3
             139               1
             140               5
             141               1
             142               3
             143               1
             144              18
             145               1
             146               3
             147               2
             148               5
             149               1
             150               6
             151               1
             152               7
             153               2
             154               3
             155               1
             156               5
             157               1
             158               3
             159               1
             160              11
             161               1
             162               9
             163               1
             164               5
             165               1
             166               3
             167               1
             168               7
             169               2
             170               3
             171               2
             172               5
             173               1
             174               3
             175               2
             176               9
             177               1
             178               3
             179               1
             180              10
             181               1
             182               3
             183               1
             184               7
             185               1
             186               3
             187               1
             188               5
             189               2
             190               3
             191               1
             192              13
             193               1
             194               3
             195               1
             196              10
             197               1
             198               6
             199               1
             200              14
             201               1
             202               3
             203               1
             204               5
             205               1
             206               3
             207               2
             208               9
             209               1
             210               3
             211               1
             212               5
             213               1
             214               3
             215               1
             216              14
             217               1
             218               3
             219               1
             220               5
             221               1
             222               3
             223               1
             224              11
             225               4
             226               3
             227               1
             228               5
             229               1
             230               3
             231               1
             232               7
             233               1
             234               6
             235               1
             236               5
             237               1
             238               3
             239               1
             240               9
             241               1
             242               6
             243               3
             244               5
             245               2
             246               3
             247               1
             248               7
             249               1
             250               6
             251               1
             252              10
             253               1
             254               3
             255               1
             256              17
             257               1
             258               3
             259               1
             260               5
             261               2
             262               3
             263               1
             264               7
             265               1
             266               3
             267               1
             268               5
             269               1
             270               6
             271               1
             272               9
             273               1
             274               3
             275               2
             276               5
             277               1
             278               3
             279               2
             280               7
             281               1
             282               3
             283               1
             284               5
             285               1
             286               3
             287               1
             288              22
             289               2
             290               3
             291               1
             292               5
             293               1
             294               6
             295               1
             296               7
             297               2
             298               3
             299               1
             300              10
             301               1
             302               3
             303               1
             304               9
             305               1
             306               6
             307               1
             308               5
             309               1
             310               3
             311               1
             312               7
             313               1
             314               3
             315               2
             316               5
             317               1
             318               3
             319               1
             320              13
             321               1
             322               3
             323               1
             324              15
             325               2
             326               3
             327               1
             328               7
             329               1
             330               3
             331               1
             332               5
             333               2
             334               3
             335               1
             336               9
             337               1
             338               6
             339               1
             340               5
             341               1
             342               6
             343               2
             344               7
             345               1
             346               3
             347               1
             348               5
             349               1
             350               6
             351               2
             352              11
             353               1
             354               3
             355               1
             356               5
             357               1
             358               3
             359               1
             360              14
             361               2
             362               3
             363               2
             364               5
             365               1
             366               3
             367               1
             368               9
             369               2
             370               3
             371               1
             372               5
             373               1
             374               3
             375               2
             376               7
             377               1
             378               6
             379               1
             380               5
             381               1
             382               3
             383               1
             384              15
             385               1
             386               3
             387               2
             388               5
             389               1
             390               3
             391               1
             392              14
             393               1
             394               3
             395               1
             396              10
             397               1
             398               3
             399               1
             400              18
             401               1
             402               3
             403               1
             404               5
             405               3
             406               3
             407               1
             408               7
             409               1
             410               3
             411               1
             412               5
             413               1
             414               6
             415               1
             416              11
             417               1
             418               3
             419               1
             420               5
             421               1
             422               3
             423               2
             424               7
             425               2
             426               3
             427               1
             428               5
             429               1
             430               3
             431               1
             432              18
             433               1
             434               3
             435               1
             436               5
             437               1
             438               3
             439               1
             440               7
             441               4
             442               3
             443               1
             444               5
             445               1
             446               3
             447               1
             448              13
             449               1
             450              12
             451               1
             452               5
             453               1
             454               3
             455               1
             456               7
             457               1
             458               3
             459               2
             460               5
             461               1
             462               3
             463               1
             464               9
             465               1
             466               3
             467               1
             468              10
             469               1
             470               3
             471               1
             472               7
             473               1
             474               3
             475               2
             476               5
             477               2
             478               3
             479               1
             480              11
             481               1
             482               3
             483               1
             484              10
             485               1
             486               9
             487               1
             488               7
             489               1
             490               6
             491               1
             492               5
             493               1
             494               3
             495               2
             496               9
             497               1
             498               3
             499               1
             500              10
             501               1
             502               3
             503               1
             504              14
             505               1
             506               3
             507               2
             508               5
             509               1
             510               3
             511               1
             512              19
             513               2
             514               3
             515               1
             516               5
             517               1
             518               3
             519               1
             520               7
             521               1
             522               6
             523               1
             524               5
             525               2
             526               3
             527               1
             528               9
             529               2
             530               3
             531               2
             532               5
             533               1
             534               3
             535               1
             536               7
             537               1
             538               3
             539               2
             540              10
             541               1
             542               3
             543               1
             544              11
             545               1
             546               3
             547               1
             548               5
             549               2
             550               6
             551               1
             552               7
             553               1
             554               3
             555               1
             556               5
             557               1
             558               6
             559               1
             560               9
             561               1
             562               3
             563               1
             564               5
             565               1
             566               3
             567               3
             568               7
             569               1
             570               3
             571               1
             572               5
             573               1
             574               3
             575               2
             576              26
             577               1
             578               6
             579               1
             580               5
             581               1
             582               3
             583               1
             584               7
             585               2
             586               3
             587               1
             588              10
             589               1
             590               3
             591               1
             592               9
             593               1
             594               6
             595               1
             596               5
             597               1
             598               3
             599               1
             600              14
             601               1
             602               3
             603               2
             604               5
             605               2
             606               3
             607               1
             608              11
             609               1
             610               3
             611               1
             612              10
             613               1
             614               3
             615               1
             616               7
             617               1
             618               3
             619               1
             620               5
             621               2
             622               3
             623               1
             624               9
             625               3
             626               3
             627               1
             628               5
             629               1
             630               6
             631               1
             632               7
             633               1
             634               3
             635               1
             636               5
             637               2
             638               3
             639               2
             640              15
             641               1
             642               3
             643               1
             644               5
             645               1
             646               3
             647               1
             648              21
             649               1
             650               6
             651               1
             652               5
             653               1
             654               3
             655               1
             656               9
             657               2
             658               3
             659               1
             660               5
             661               1
             662               3
             663               1
             664               7
             665               1
             666               6
             667               1
             668               5
             669               1
             670               3
             671               1
             672              11
             673               1
             674               3
             675               4
             676              10
             677               1
             678               3
             679               1
             680               7
             681               1
             682               3
             683               1
             684              10
             685               1
             686               6
             687               1
             688               9
             689               1
             690               3
             691               1
             692               5
             693               2
             694               3
             695               1
             696               7
             697               1
             698               3
             699               1
             700              10
             701               1
             702               6
             703               1
             704              13
             705               1
             706               3
             707               1
             708               5
             709               1
             710               3
             711               2
             712               7
             713               1
             714               3
             715               1
             716               5
             717               1
             718               3
             719               1
             720              18
             721               1
             722               6
             723               1
             724               5
             725               2
             726               6
             727               1
             728               7
             729               4
             730               3
             731               1
             732               5
             733               1
             734               3
             735               2
             736              11
             737               1
             738               6
             739               1
             740               5
             741               1
             742               3
             743               1
             744               7
             745               1
             746               3
             747               2
             748               5
             749               1
             750               6
             751               1
             752               9
             753               1
             754               3
             755               1
             756              10
             757               1
             758               3
             759               1
             760               7
             761               1
             762               3
             763               1
             764               5
             765               2
             766               3
             767               1
             768              17
             769               1
             770               3
             771               1
             772               5
             773               1
             774               6
             775               2
             776               7
             777               1
             778               3
             779               1
             780               5
             781               1
             782               3
             783               2
             784              18
             785               1
             786               3
             787               1
             788               5
             789               1
             790               3
             791               1
             792              14
             793               1
             794               3
             795               1
             796               5
             797               1
             798               3
             799               1
             800              22
             801               2
             802               3
             803               1
             804               5
             805               1
             806               3
             807               1
             808               7
             809               1
             810               9
             811               1
             812               5
             813               1
             814               3
             815               1
             816               9
             817               1
             818               3
             819               2
             820               5
             821               1
             822               3
             823               1
             824               7
             825               2
             826               3
             827               1
             828              10
             829               1
             830               3
             831               1
             832              13
             833               2
             834               3
             835               1
             836               5
             837               2
             838               3
             839               1
             840               7
             841               2
             842               3
             843               1
             844               5
             845               2
             846               6
             847               2
             848               9
             849               1
             850               6
             851               1
             852               5
             853               1
             854               3
             855               2
             856               7
             857               1
             858               3
             859               1
             860               5
             861               1
             862               3
             863               1
             864              22
             865               1
             866               3
             867               2
             868               5
             869               1
             870               3
             871               1
             872               7
             873               2
             874               3
             875               2
             876               5
             877               1
             878               3
             879               1
             880               9
             881               1
             882              12
             883               1
             884               5
             885               1
             886               3
             887               1
             888               7
             889               1
             890               3
             891               3
             892               5
             893               1
             894               3
             895               1
             896              15
             897               1
             898               3
             899               1
             900              20
             901               1
             902               3
             903               1
             904               7
             905               1
             906               3
             907               1
             908               5
             909               2
             910               3
             911               1
             912               9
             913               1
             914               3
             915               1
             916               5
             917               1
             918               6
             919               1
             920               7
             921               1
             922               3
             923               1
             924               5
             925               2
             926               3
             927               2
             928              11
             929               1
             930               3
             931               2
             932               5
             933               1
             934               3
             935               1
             936              14
             937               1
             938               3
             939               1
             940               5
             941               1
             942               3
             943               1
             944               9
             945               2
             946               3
             947               1
             948               5
             949               1
             950               6
             951               1
             952               7
             953               1
             954               6
             955               1
             956               5
             957               1
             958               3
             959               1
             960              13
             961               2
             962               3
             963               2
             964               5
             965               1
             966               3
             967               1
             968              14
             969               1
             970               3
             971               1
             972              15
             973               1
             974               3
             975               2
             976               9
             977               1
             978               3
             979               1
             980              10
             981               2
             982               3
             983               1
             984               7
             985               1
             986               3
             987               1
             988               5
             989               1
             990               6
             991               1
             992              11
             993               1
             994               3
             995               1
             996               5
             997               1
             998               3
             999               2
            1000              14
            1001               1
            1002               3
            1003               1
            1004               5
            1005               1
            1006               3
            1007               1
            1008              18
            1009               1
            1010               3
            1011               1
            1012               5
            1013               1
            1014               6
            1015               1
            1016               7
            1017               2
            1018               3
            1019               1
            1020               5
            1021               1
            1022               3
            1023               1
            1024              21
            1025               2
            1026               6
            1027               1
            1028               5
            1029               2
            1030               3
            1031               1
            1032               7
            1033               1
            1034               3
            1035               2
            1036               5
            1037               1
            1038               3
            1039               1
            1040               9
            1041               1
            1042               3
            1043               1
            1044              10
            1045               1
            1046               3
            1047               1
            1048               7
            1049               1
            1050               6
            1051               1
            1052               5
            1053               3
            1054               3
            1055               1
            1056              11
            1057               1
            1058               6
            1059               1
            1060               5
            1061               1
            1062               6
            1063               1
            1064               7
            1065               1
            1066               3
            1067               1
            1068               5
            1069               1
            1070               3
            1071               2
            1072               9
            1073               1
            1074               3
            1075               2
            1076               5
            1077               1
            1078               6
            1079               1
            1080              14
            1081               1
            1082               3
            1083               2
            1084               5
            1085               1
            1086               3
            1087               1
            1088              13
            1089               4
            1090               3
            1091               1
            1092               5
            1093               1
            1094               3
            1095               1
            1096               7
            1097               1
            1098               6
            1099               1
            1100              10
            1101               1
            1102               3
            1103               1
            1104               9
            1105               1
            1106               3
            1107               2
            1108               5
            1109               1
            1110               3
            1111               1
            1112               7
            1113               1
            1114               3
            1115               1
            1116              10
            1117               1
            1118               3
            1119               1
            1120              11
            1121               1
            1122               3
            1123               1
            1124               5
            1125               4
            1126               3
            1127               2
            1128               7
            1129               1
            1130               3
            1131               1
            1132               5
            1133               1
            1134               9
            1135               1
            1136               9
            1137               1
            1138               3
            1139               1
            1140               5
            1141               1
            1142               3
            1143               2
            1144               7
            1145               1
            1146               3
            1147               1
            1148               5
            1149               1
            1150               6
            1151               1
            1152              30
            1153               1
            1154               3
            1155               1
            1156              10
            1157               1
            1158               3
            1159               1
            1160               7
            1161               2
            1162               3
            1163               1
            1164               5
            1165               1
            1166               3
            1167               1
            1168               9
            1169               1
            1170               6
            1171               1
            1172               5
            1173               1
            1174               3
            1175               2
            1176              14
            1177               1
            1178               3
            1179               2
            1180               5
            1181               1
            1182               3
            1183               2
            1184              11
            1185               1
            1186               3
            1187               1
            1188              10
            1189               1
            1190               3
            1191               1
            1192               7
            1193               1
            1194               3
            1195               1
            1196               5
            1197               2
            1198               3
            1199               1
            1200              18
            1201               1
            1202               3
            1203               1
            1204               5
            1205               1
            1206               6
            1207               1
            1208               7
            1209               1
            1210               6
            1211               1
            1212               5
            1213               1
            1214               3
            1215               3
            1216              13
            1217               1
            1218               3
            1219               1
            1220               5
            1221               1
            1222               3
            1223               1
            1224              14
            1225               4
            1226               3
            1227               1
            1228               5
            1229               1
            1230               3
            1231               1
            1232               9
            1233               2
            1234               3
            1235               1
            1236               5
            1237               1
            1238               3
            1239               1
            1240               7
            1241               1
            1242               6
            1243               1
            1244               5
            1245               1
            1246               3
            1247               1
            1248              11
            1249               1
            1250               9
            1251               2
            1252               5
            1253               1
            1254               3
            1255               1
            1256               7
            1257               1
            1258               3
            1259               1
            1260              10
            1261               1
            1262               3
            1263               1
            1264               9
            1265               1
            1266               3
            1267               1
            1268               5
            1269               2
            1270               3
            1271               1
            1272               7
            1273               1
            1274               6
            1275               2
            1276               5
            1277               1
            1278               6
            1279               1
            1280              17
            1281               1
            1282               3
            1283               1
            1284               5
            1285               1
            1286               3
            1287               2
            1288               7
            1289               1
            1290               3
            1291               1
            1292               5
            1293               1
            1294               3
            1295               1
            1296              27
            1297               1
            1298               3
            1299               1
            1300              10
            1301               1
            1302               3
            1303               1
            1304               7
            1305               2
            1306               3
            1307               1
            1308               5
            1309               1
            1310               3
            1311               1
            1312              11
            1313               1
            1314               6
            1315               1
            1316               5
            1317               1
            1318               3
            1319               1
            1320               7
            1321               1
            1322               3
            1323               4
            1324               5
            1325               2
            1326               3
            1327               1
            1328               9
            1329               1
            1330               3
            1331               2
            1332              10
            1333               1
            1334               3
            1335               1
            1336               7
            1337               1
            1338               3
            1339               1
            1340               5
            1341               2
            1342               3
            1343               1
            1344              13
            1345               1
            1346               3
            1347               1
            1348               5
            1349               1
            1350              12
            1351               1
            1352              14
            1353               1
            1354               3
            1355               1
            1356               5
            1357               1
            1358               3
            1359               2
            1360               9
            1361               1
            1362               3
            1363               1
            1364               5
            1365               1
            1366               3
            1367               1
            1368              14
            1369               2
            1370               3
            1371               1
            1372              10
            1373               1
            1374               3
            1375               2
            1376              11
            1377               3
            1378               3
            1379               1
            1380               5
            1381               1
            1382               3
            1383               1
            1384               7
            1385               1
            1386               6
            1387               1
            1388               5
            1389               1
            1390               3
            1391               1
            1392               9
            1393               1
            1394               3
            1395               2
            1396               5
            1397               1
            1398               3
            1399               1
            1400              14
            1401               1
            1402               3
            1403               1
            1404              10
            1405               1
            1406               3
            1407               1
            1408              15
            1409               1
            1410               3
            1411               1
            1412               5
            1413               2
            1414               3
            1415               1
            1416               7
            1417               1
            1418               3
            1419               1
            1420               5
            1421               2
            1422               6
            1423               1
            1424               9
            1425               2
            1426               3
            1427               1
            1428               5
            1429               1
            1430               3
            1431               2
            1432               7
            1433               1
            1434               3
            1435               1
            1436               5
            1437               1
            1438               3
            1439               1
            1440              22
            1441               1
            1442               3
            1443               1
            1444              10
            1445               2
            1446               3
            1447               1
            1448               7
            1449               2
            1450               6
