               1               1
               2               1
               4               1
               8               1
              16               1
              27               1
              32               1
              54               1
              64               1
             108               1
             125               1
             128               1
             216               1
             250               1
             256               1
             343               1
             432               1
             500               1
             512               1
             686               1
             729               1
             864               1
            1000               1
            1024               1
            1331               1
            1372               1
