32
32
32
80
100
100
100
100
100
144
144
144
144
196
196
196
196
196
256
256
256
256
294
294
294
294
294
384
384
384
384
384
384
384
384
441
486
486
486
486
486
486
486
486
567
576
600
600
600
600
600
648
648
648
726
726
726
726
726
726
726
726
726
726
726
800
800
800
864
864
864
864
864
864
864
864
968
968
968
968
968
1014
1014
1014
1014
1014
1014
1014
1014
1014
100
256
343
486
567
648
726
864
968
1152
1331
1352
1440
1568
1690
1800
1800
1960
2160
2312
2312
2535
2560
2700
2700
2890
3072
3240
3240
3332
3468
3610
3610
3888
3888
4000
4275
4332
4332
4410
4536
4693
4840
4840
5054
5184
5292
5491
5491
5600
5776
5808
5808
6137
6174
6348
6348
6400
6776
6776
6776
6804
6912
7200
7406
7406
7500
7500
7744
7938
7938
7938
8112
8303
8464
8464
8750
8750
8750
8993
9200
9216
9216
9464
9464
9522
9792
9792
10000
10000
1014
2048
3072
4000
5054
6137
7056
8112
9216
11109
12100
13122
14112
15138
16200
17298
18000
19220
21142
22050
23120
24057
25047
26071
27378
28314
29400
31104
32000
33300
34300
35280
36288
37479
38115
39546
41070
42336
43320
44376
45325
46208
47068
48074
49096
51200
52111
53016
54208
55016
56277
57434
58080
59248
61605
62361
63480
64512
65000
66270
67228
68413
69120
71487
72030
73034
74431
75000
76176
77315
78030
79007
81120
82369
83232
84474
85000
86436
87075
88305
89232
91238
92160
93312
94192
95000
96040
97216
98315
99144
