7
7
9
9
9
13
13
16
16
21
21
26
25
25
25
36
31
31
45
36
36
36
42
54
48
48
48
50
49
49
64
72
63
57
57
57
80
80
64
64
64
72
72
72
73
73
96
96
96
100
81
81
93
93
108
112
100
100
128
98
98
120
120
100
100
128
132
132
114
114
111
111
140
140
140
129
129
129
150
150
150
160
160
160
160
133
133
165
171
147
18
31
50
62
73
93
100
111
155
180
200
210
231
240
222
270
256
256
288
352
307
333
338
405
366
438
399
480
444
504
540
540
500
560
600
600
616
637
660
576
672
614
714
625
648
770
777
798
732
819
729
850
798
882
930
960
935
888
990
968
882
990
942
1064
999
1110
1008
1014
1110
1170
1134
1176
1098
1083
1200
1125
1260
1260
1197
1296
1350
1380
1256
1360
1266
1296
1250
1440
1296
1445
146
324
462
555
651
888
1080
1176
1205
1584
1760
1863
1980
2112
2105
2520
2410
2652
3060
3080
3240
3125
3255
3380
3856
3960
3990
4664
4210
4576
4716
4557
5000
5175
5280
5382
5632
5778
5880
6160
5859
6300
7080
6250
6305
7310
6760
6912
7360
7161
7578
7752
7980
8880
8228
8580
8640
8205
8463
8960
9800
9460
9396
9801
9310
9842
9581
9765
10560
11580
10560
10584
10580
11330
10647
11520
11067
11627
11704
11760
11934
12480
12312
13260
12980
12369
13020
12964
12500
13440
