10
26
30
42
58
62
74
82
92
118
122
130
140
154
164
172
182
194
212
226
236
244
259
268
270
284
292
314
326
332
346
356
366
374
386
398
414
428
436
446
452
462
478
484
498
514
524
538
542
556
566
572
586
596
614
628
638
646
652
668
676
682
694
716
724
738
748
758
767
772
788
796
818
824
832
844
856
866
872
884
892
916
926
932
946
956
964
974
988
998
106
206
302
404
508
604
706
802
904
1108
1208
1304
1402
1502
1606
1706
1802
1906
2104
2204
2308
2406
2504
2606
2708
2804
2908
3106
3208
3308
3404
3508
3604
3704
3804
3902
4108
4204
4308
4404
4504
4604
4702
4804
4904
5108
5204
5308
5402
5505
5604
5704
5804
5906
6108
6202
6302
6404
6508
6602
6706
6808
6904
7108
7204
7302
7408
7508
7602
7708
7804
7908
8102
8207
8308
8408
8504
8607
8702
8804
8906
9104
9208
9302
9406
9508
9608
9704
9808
9908
1004
2008
3004
4009
5005
6008
7009
8006
9002
11006
12004
13004
14006
15007
16004
17008
18008
19004
21004
22004
23006
24008
25006
26008
27004
29004
31002
33008
37000
39004
43002
46006
47004
