3
7
10
14
18
22
24
28
23
30
32
39
35
48
41
43
57
50
53
66
59
61
75
68
81
71
73
93
82
99
100
90
92
108
114
117
104
107
124
131
135
132
136
122
125
148
131
152
156
140
164
164
168
172
176
180
184
184
188
192
170
196
200
204
208
185
212
216
220
196
220
228
232
208
208
235
214
248
218
248
225
255
260
268
268
265
242
275
275
280
26
60
88
116
147
153
200
225
226
310
302
326
390
414
438
468
492
522
526
553
623
660
626
714
738
768
792
840
876
889
917
949
973
1001
951
980
1106
1146
1077
1101
1128
1224
1251
1306
1227
1379
1392
1327
1431
1472
1401
1540
1573
1560
1527
1551
1660
1690
1750
1760
1677
1790
1827
1924
1900
1952
1852
1980
1901
2043
2060
1977
2030
2192
2190
2240
2127
2270
2290
2331
2358
2276
2456
2450
2493
2377
2547
2427
2452
2480
252
502
822
1003
1336
1580
1854
2004
2251
2900
3160
3447
3674
4000
4191
4252
4704
4983
5252
5764
6043
6292
6482
6720
7044
7351
7572
8025
8320
8535
8784
9324
9620
9808
9751
10605
10848
11130
11410
11640
11872
12165
12675
13200
13482
13896
14433
14720
15213
15744
18774
19253
22806
