           4  0.50000000000000000     
           8  0.50000000000000000     
           9  0.33333333333333331     
          12  0.33333333333333331     
          16  0.25000000000000000     
          18  0.33333333333333331     
          20  0.29999999999999999     
          24  0.33333333333333331     
          25  0.20000000000000001     
          27  0.22222222222222221     
          28  0.28571428571428570     
          32  0.25000000000000000     
          36  0.19444444444444445     
          40  0.29999999999999999     
          44  0.27272727272727271     
          45  0.24444444444444444     
          48  0.18750000000000000     
          49  0.16326530612244897     
          50  0.20000000000000001     
          52  0.26923076923076922     
          54  0.22222222222222221     
          56  0.28571428571428570     
          60  0.26666666666666666     
          63  0.23809523809523808     
          64  0.15625000000000000     
          68  0.26470588235294118     
          72  0.19444444444444445     
          75  0.16000000000000000     
          76  0.26315789473684209     
          80  0.17499999999999999     
          81  0.14814814814814814     
          84  0.26190476190476192     
          88  0.27272727272727271     
          90  0.24444444444444444     
          92  0.26086956521739130     
          96  0.18750000000000000     
          98  0.16326530612244897     
          99  0.23232323232323232     
         100  0.14000000000000001     
         104  0.26923076923076922     
         108  0.14814814814814814     
         112  0.16964285714285715     
         116  0.25862068965517243     
         117  0.23076923076923078     
         120  0.26666666666666666     
         121  0.13223140495867769     
         124  0.25806451612903225     
         125  0.15200000000000000     
         126  0.23809523809523808     
         128  0.15625000000000000     
         132  0.25757575757575757     
         135  0.19259259259259259     
         136  0.26470588235294118     
         140  0.25714285714285712     
         144  0.13194444444444445     
         147  0.13605442176870750     
         148  0.25675675675675674     
         150  0.16000000000000000     
         152  0.26315789473684209     
         153  0.22875816993464052     
         156  0.25641025641025639     
         160  0.17499999999999999     
         162  0.14814814814814814     
         164  0.25609756097560976     
         168  0.26190476190476192     
         169  0.12426035502958580     
         171  0.22807017543859648     
         172  0.25581395348837210     
         175  0.14857142857142858     
         176  0.16477272727272727     
         180  0.14999999999999999     
         184  0.26086956521739130     
         188  0.25531914893617019     
         189  0.19047619047619047     
         192  0.13020833333333334     
         196  0.12244897959183673     
         198  0.23232323232323232     
         200  0.14000000000000001     
         204  0.25490196078431371     
         207  0.22705314009661837     
         208  0.16346153846153846     
         212  0.25471698113207547     
         216  0.14814814814814814     
         220  0.25454545454545452     
         224  0.16964285714285715     
         225  0.12000000000000000     
         228  0.25438596491228072     
         232  0.25862068965517243     
         234  0.23076923076923078     
         236  0.25423728813559321     
         240  0.16250000000000001     
         242  0.13223140495867769     
         243  0.12345679012345678     
         244  0.25409836065573771     
         245  0.13061224489795920     
         248  0.25806451612903225     
         250  0.15200000000000000     
         252  0.14682539682539683     
         256  0.11718750000000000     
         260  0.25384615384615383     
         261  0.22605363984674329     
         264  0.25757575757575757     
         268  0.25373134328358210     
         270  0.19259259259259259     
         272  0.16176470588235295     
         275  0.14545454545454545     
         276  0.25362318840579712     
         279  0.22580645161290322     
         280  0.25714285714285712     
         284  0.25352112676056338     
         288  0.13194444444444445     
         289  0.11418685121107267     
         292  0.25342465753424659     
         294  0.13605442176870750     
         296  0.25675675675675674     
         297  0.18855218855218855     
         300  0.12000000000000000     
         304  0.16118421052631579     
         306  0.22875816993464052     
         308  0.25324675324675322     
         312  0.25641025641025639     
         315  0.22539682539682540     
         316  0.25316455696202533     
         320  0.12500000000000000     
         324  0.11419753086419752     
         325  0.14461538461538462     
         328  0.25609756097560976     
         332  0.25301204819277107     
         333  0.22522522522522523     
         336  0.16071428571428573     
         338  0.12426035502958580     
         340  0.25294117647058822     
         342  0.22807017543859648     
         343  0.12827988338192420     
         344  0.25581395348837210     
         348  0.25287356321839083     
         350  0.14857142857142858     
         351  0.18803418803418803     
         352  0.16477272727272727     
         356  0.25280898876404495     
         360  0.14999999999999999     
         361  0.11080332409972299     
         363  0.11570247933884298     
         364  0.25274725274725274     
         368  0.16032608695652173     
         369  0.22493224932249323     
         372  0.25268817204301075     
         375  0.14399999999999999     
         376  0.25531914893617019     
         378  0.19047619047619047     
         380  0.25263157894736843     
         384  0.13020833333333334     
         387  0.22480620155038761     
         388  0.25257731958762886     
         392  0.12244897959183673     
         396  0.14393939393939395     
         400  0.11000000000000000     
         404  0.25247524752475248     
         405  0.12345679012345678     
         408  0.25490196078431371     
         412  0.25242718446601942     
         414  0.22705314009661837     
         416  0.16346153846153846     
         420  0.25238095238095237     
         423  0.22458628841607564     
         424  0.25471698113207547     
         425  0.14352941176470588     
         428  0.25233644859813081     
         432  0.11342592592592593     
         436  0.25229357798165136     
         440  0.25454545454545452     
         441  0.10884353741496598     
         444  0.25225225225225223     
         448  0.12276785714285714     
         450  0.12000000000000000     
         452  0.25221238938053098     
         456  0.25438596491228072     
         459  0.18736383442265794     
         460  0.25217391304347825     
         464  0.15948275862068967     
         468  0.14316239316239315     
         472  0.25423728813559321     
         475  0.14315789473684210     
         476  0.25210084033613445     
         477  0.22431865828092243     
         480  0.16250000000000001     
         484  0.10743801652892562     
         486  0.12345679012345678     
         488  0.25409836065573771     
         490  0.13061224489795920     
         492  0.25203252032520324     
         495  0.22424242424242424     
         496  0.15927419354838709     
         500  0.11600000000000001     
         504  0.14682539682539683     
         507  0.11045364891518737     
         508  0.25196850393700787     
         512  0.11718750000000000     
         513  0.18713450292397660     
         516  0.25193798449612403     
         520  0.25384615384615383     
         522  0.22605363984674329     
         524  0.25190839694656486     
         525  0.14285714285714285     
         528  0.15909090909090909     
         529  0.10586011342155009     
         531  0.22410546139359699     
         532  0.25187969924812031     
         536  0.25373134328358210     
         539  0.12615955473098331     
         540  0.13333333333333333     
         544  0.16176470588235295     
         548  0.25182481751824820     
         549  0.22404371584699453     
         550  0.14545454545454545     
         552  0.25362318840579712     
         556  0.25179856115107913     
         558  0.22580645161290322     
         560  0.15892857142857142     
         564  0.25177304964539005     
         567  0.12169312169312169     
         568  0.25352112676056338     
         572  0.25174825174825177     
         575  0.14260869565217391     
         576  0.10590277777777778     
         578  0.11418685121107267     
         580  0.25172413793103449     
         584  0.25342465753424659     
         585  0.22393162393162394     
         588  0.10884353741496598     
         592  0.15878378378378377     
         594  0.18855218855218855     
         596  0.25167785234899331     
         600  0.12000000000000000     
         603  0.22388059701492538     
         604  0.25165562913907286     
         605  0.11239669421487604     
         608  0.16118421052631579     
         612  0.14215686274509803     
         616  0.25324675324675322     
         620  0.25161290322580643     
         621  0.18679549114331723     
         624  0.15865384615384615     
         625  0.10400000000000000     
         628  0.25159235668789809     
         630  0.22539682539682540     
         632  0.25316455696202533     
         636  0.25157232704402516     
         637  0.12558869701726844     
         639  0.22378716744913929     
         640  0.12500000000000000     
         644  0.25155279503105588     
         648  0.11419753086419752     
         650  0.14461538461538462     
         652  0.25153374233128833     
         656  0.15853658536585366     
         657  0.22374429223744291     
         660  0.25151515151515152     
         664  0.25301204819277107     
         666  0.22522522522522523     
         668  0.25149700598802394     
         672  0.16071428571428573     
         675  0.10666666666666667     
         676  0.10355029585798817     
         680  0.25294117647058822     
         684  0.14181286549707603     
         686  0.12827988338192420     
         688  0.15843023255813954     
         692  0.25144508670520233     
         693  0.22366522366522368     
         696  0.25287356321839083     
         700  0.11428571428571428     
         702  0.18803418803418803     
         704  0.12073863636363637     
         708  0.25141242937853109     
         711  0.22362869198312235     
         712  0.25280898876404495     
         716  0.25139664804469275     
         720  0.11250000000000000     
         722  0.11080332409972299     
         724  0.25138121546961328     
         725  0.14206896551724138     
         726  0.11570247933884298     
         728  0.25274725274725274     
         729  0.10288065843621400     
         732  0.25136612021857924     
         735  0.12517006802721090     
         736  0.16032608695652173     
         738  0.22493224932249323     
         740  0.25135135135135134     
         744  0.25268817204301075     
         747  0.22356091030789826     
         748  0.25133689839572193     
         750  0.14399999999999999     
         752  0.15824468085106383     
         756  0.13227513227513227     
         760  0.25263157894736843     
         764  0.25130890052356020     
         765  0.22352941176470589     
         768  0.10546875000000000     
         772  0.25129533678756477     
         774  0.22480620155038761     
         775  0.14193548387096774     
         776  0.25257731958762886     
         780  0.25128205128205128     
         783  0.18646232439335889     
         784  0.10204081632653061     
         788  0.25126903553299490     
         792  0.14393939393939395     
         796  0.25125628140703515     
         800  0.11000000000000000     
         801  0.22347066167290885     
         804  0.25124378109452739     
         808  0.25247524752475248     
         810  0.12345679012345678     
         812  0.25123152709359609     
         816  0.15808823529411764     
         819  0.22344322344322345     
         820  0.25121951219512195     
         824  0.25242718446601942     
         825  0.14181818181818182     
         828  0.14130434782608695     
         832  0.12019230769230770     
         833  0.12484993997599039     
         836  0.25119617224880381     
         837  0.18637992831541220     
         840  0.25238095238095237     
         841  0.10107015457788347     
         844  0.25118483412322273     
         845  0.10769230769230770     
         846  0.22458628841607564     
         847  0.11097992916174734     
         848  0.15801886792452829     
         850  0.14352941176470588     
         852  0.25117370892018781     
         855  0.22339181286549709     
         856  0.25233644859813081     
         860  0.25116279069767444     
         864  0.11342592592592593     
         867  0.10380622837370242     
         868  0.25115207373271892     
         872  0.25229357798165136     
         873  0.22336769759450173     
         875  0.14171428571428571     
         876  0.25114155251141551     
         880  0.15795454545454546     
         882  0.10884353741496598     
         884  0.25113122171945701     
         888  0.25225225225225223     
         891  0.12008978675645342     
         892  0.25112107623318386     
         896  0.12276785714285714     
         900  0.10111111111111111     
         904  0.25221238938053098     
         908  0.25110132158590309     
         909  0.22332233223322331     
         912  0.15789473684210525     
         916  0.25109170305676853     
         918  0.18736383442265794     
         920  0.25217391304347825     
         924  0.25108225108225107     
         925  0.14162162162162162     
         927  0.22330097087378642     
         928  0.15948275862068967     
         931  0.12459720730397422     
         932  0.25107296137339058     
         936  0.14316239316239315     
         940  0.25106382978723402     
         944  0.15783898305084745     
         945  0.18624338624338624     
         948  0.25105485232067509     
         950  0.14315789473684210     
         952  0.25210084033613445     
         954  0.22431865828092243     
         956  0.25104602510460250     
         960  0.11979166666666667     
         961   9.9895941727367321E-002
         963  0.22326064382139149     
         964  0.25103734439834025     
         968  0.10743801652892562     
         972  0.10288065843621400     
         975  0.14153846153846153     
         976  0.15778688524590165     
         980  0.10612244897959183     
         981  0.22324159021406728     
         984  0.25203252032520324     
         988  0.25101214574898784     
         990  0.22424242424242424     
         992  0.15927419354838709     
         996  0.25100401606425704     
         999  0.18618618618618618     
        1000  0.11600000000000001     
        1004  0.25099601593625498     
        1008  0.11111111111111110     
        1012  0.25098814229249011     
        1014  0.11045364891518737     
        1016  0.25196850393700787     
        1017  0.22320550639134709     
        1020  0.25098039215686274     
        1024   9.9609375000000000E-002
        1025  0.14146341463414633     
        1026  0.18713450292397660     
        1028  0.25097276264591439     
        1029  0.12439261418853255     
        1032  0.25193798449612403     
        1035  0.22318840579710145     
        1036  0.25096525096525096     
        1040  0.15769230769230769     
        1044  0.14080459770114942     
        1048  0.25190839694656486     
        1050  0.14285714285714285     
        1052  0.25095057034220530     
        1053  0.11965811965811966     
        1056  0.15909090909090909     
        1058  0.10586011342155009     
        1060  0.25094339622641509     
        1062  0.22410546139359699     
        1064  0.25187969924812031     
        1068  0.25093632958801498     
        1071  0.22315592903828199     
        1072  0.15764925373134328     
        1075  0.14139534883720931     
        1076  0.25092936802973975     
        1078  0.12615955473098331     
        1080  0.13333333333333333     
        1083  0.10156971375807941     
        1084  0.25092250922509224     
        1088  0.11948529411764706     
        1089   9.9173553719008267E-002
        1092  0.25091575091575091     
        1096  0.25182481751824820     
        1098  0.22404371584699453     
        1100  0.11272727272727273     
        1104  0.15760869565217392     
        1107  0.18608852755194219     
        1108  0.25090252707581229     
        1112  0.25179856115107913     
        1116  0.14068100358422939     
        1120  0.15892857142857142     
        1124  0.25088967971530252     
        1125  0.10577777777777778     
        1127  0.12422360248447205     
        1128  0.25177304964539005     
        1132  0.25088339222614842     
        1134  0.12169312169312169     
        1136  0.15757042253521128     
        1140  0.25087719298245614     
        1143  0.22309711286089240     
        1144  0.25174825174825177     
        1148  0.25087108013937282     
        1150  0.14260869565217391     
        1152  0.10590277777777778     
        1156   9.8615916955017299E-002
        1160  0.25172413793103449     
        1161  0.18604651162790697     
        1164  0.25085910652920962     
        1168  0.15753424657534246     
        1170  0.22393162393162394     
        1172  0.25085324232081913     
        1175  0.14127659574468085     
        1176  0.10884353741496598     
        1179  0.22307039864291772     
        1180  0.25084745762711863     
        1183  0.10650887573964497     
        1184  0.15878378378378377     
        1188  0.13131313131313133     
        1192  0.25167785234899331     
        1196  0.25083612040133779     
        1197  0.22305764411027568     
        1200  0.10083333333333333     
        1204  0.25083056478405313     
        1206  0.22388059701492538     
        1208  0.25165562913907286     
        1210  0.11239669421487604     
        1212  0.25082508250825081     
        1215  0.11522633744855967     
        1216  0.11924342105263158     
        1220  0.25081967213114753     
        1224  0.14215686274509803     
        1225   9.7959183673469383E-002
        1228  0.25081433224755700     
        1232  0.15746753246753248     
        1233  0.22303325223033252     
        1236  0.25080906148867316     
        1240  0.25161290322580643     
        1242  0.18679549114331723     
        1244  0.25080385852090031     
        1248  0.15865384615384615     
        1250  0.10400000000000000     
        1251  0.22302158273381295     
        1252  0.25079872204472842     
        1256  0.25159235668789809     
        1260  0.14047619047619048     
        1264  0.15743670886075950     
        1268  0.25078864353312302     
        1269  0.18597320724980299     
        1272  0.25157232704402516     
        1274  0.12558869701726844     
        1275  0.14117647058823529     
        1276  0.25078369905956110     
        1278  0.22378716744913929     
        1280  0.10312499999999999     
        1284  0.25077881619937692     
        1287  0.22299922299922301     
        1288  0.25155279503105588     
        1292  0.25077399380804954     
        1296  0.10648148148148148     
        1300  0.11230769230769230     
        1304  0.25153374233128833     
        1305  0.22298850574712645     
        1308  0.25076452599388377     
        1312  0.15853658536585366     
        1314  0.22374429223744291     
        1316  0.25075987841945291     
        1320  0.25151515151515152     
        1323   9.9773242630385492E-002
        1324  0.25075528700906347     
        1325  0.14113207547169812     
        1328  0.15737951807228914     
        1331  0.10969196093163035     
        1332  0.14039039039039039     
        1336  0.25149700598802394     
        1340  0.25074626865671640     
        1341  0.22296793437733034     
        1344  0.11904761904761904     
        1348  0.25074183976261127     
        1350  0.10666666666666667     
        1352  0.10355029585798817     
        1356  0.25073746312684364     
        1359  0.22295805739514349     
        1360  0.15735294117647058     
        1364  0.25073313782991202     
        1368  0.14181286549707603     
        1369   9.7151205259313367E-002
        1372  0.10495626822157435     
        1375  0.14109090909090910     
        1376  0.15843023255813954     
        1377  0.11909949164851126     
        1380  0.25072463768115943     
        1384  0.25144508670520233     
        1386  0.22366522366522368     
        1388  0.25072046109510088     
        1392  0.15732758620689655     
        1395  0.22293906810035843     
        1396  0.25071633237822349     
        1400  0.11428571428571428     
        1404  0.13105413105413105     
        1408  0.12073863636363637     
        1412  0.25070821529745041     
        1413  0.22292993630573249     
        1416  0.25141242937853109     
        1420  0.25070422535211268     
        1421  0.12385643912737508     
        1422  0.22362869198312235     
        1424  0.15730337078651685     
        1425  0.14105263157894737     
        1428  0.25070028011204482     
        1431  0.18588399720475193     
        1432  0.25139664804469275     
        1436  0.25069637883008355     
        1440  0.11250000000000000     
        1444   9.6952908587257622E-002
        1445  0.10173010380622838     
        1448  0.25138121546961328     
        1449  0.22291235334713597     
        1450  0.14206896551724138     
        1452   9.9173553719008267E-002
        1456  0.15728021978021978     
        1458  0.10288065843621400     
        1460  0.25068493150684934     
        1464  0.25136612021857924     
        1467  0.22290388548057261     
        1468  0.25068119891008173     
        1470  0.12517006802721090     
        1472  0.11888586956521739     
        1475  0.14101694915254237     
        1476  0.14024390243902440     
        1480  0.25135135135135134     
        1484  0.25067385444743934     
        1485  0.18585858585858586     
        1488  0.15725806451612903     
        1492  0.25067024128686327     
        1494  0.22356091030789826     
        1496  0.25133689839572193     
        1500  0.11200000000000000     
        1503  0.22288755821689954     
        1504  0.15824468085106383     
        1508  0.25066312997347479     
        1512  0.13227513227513227     
        1516  0.25065963060686014     
        1519  0.12376563528637262     
        1520  0.15723684210526315     
        1521   9.6646942800788949E-002
        1524  0.25065616797900264     
        1525  0.14098360655737704     
        1528  0.25130890052356020     
        1530  0.22352941176470589     
        1532  0.25065274151436029     
        1536  0.10546875000000000     
        1539  0.11890838206627680     
        1540  0.25064935064935062     
        1544  0.25129533678756477     
        1548  0.14018087855297157     
        1550  0.14193548387096774     
        1552  0.15721649484536082     
        1556  0.25064267352185088     
        1557  0.22286448298008993     
        1560  0.25128205128205128     
        1564  0.25063938618925830     
        1566  0.18646232439335889     
        1568  0.10204081632653061     
        1572  0.25063613231552162     
        1573  0.10934520025429116     
        1575  0.10476190476190476     
        1576  0.25126903553299490     
        1580  0.25063291139240507     
        1584  0.10984848484848485     
        1587   9.8298676748582225E-002
        1588  0.25062972292191438     
        1592  0.25125628140703515     
        1593  0.18581293157564344     
        1596  0.25062656641604009     
        1600   9.6250000000000002E-002
        1602  0.22347066167290885     
        1604  0.25062344139650872     
        1608  0.25124378109452739     
        1611  0.22284295468653009     
        1612  0.25062034739454092     
        1616  0.15717821782178218     
        1617  0.12368583797155226     
        1620  0.10185185185185185     
        1624  0.25123152709359609     
        1625  0.14092307692307693     
        1628  0.25061425061425063     
        1629  0.22283609576427257     
        1632  0.15808823529411764     
        1636  0.25061124694376530     
        1638  0.22344322344322345     
        1640  0.25121951219512195     
        1644  0.25060827250608275     
        1647  0.18579234972677597     
        1648  0.15716019417475730     
        1650  0.14181818181818182     
        1652  0.25060532687651332     
        1656  0.14130434782608695     
        1660  0.25060240963855424     
        1664  0.12019230769230770     
        1665  0.22282282282282281     
        1666  0.12484993997599039     
        1668  0.25059952038369304     
        1672  0.25119617224880381     
        1674  0.18637992831541220     
        1675  0.14089552238805969     
        1676  0.25059665871121717     
        1680  0.15714285714285714     
        1681   9.5776323616894712E-002
        1682  0.10107015457788347     
        1683  0.22281639928698752     
        1684  0.25059382422802851     
        1688  0.25118483412322273     
        1690  0.10769230769230770     
        1692  0.14007092198581561     
        1694  0.11097992916174734     
        1696  0.15801886792452829     
        1700  0.11176470588235295     
        1701  0.11463844797178130     
        1704  0.25117370892018781     
        1708  0.25058548009367682     
        1710  0.22339181286549709     
        1712  0.15712616822429906     
        1715  0.12361516034985423     
        1716  0.25058275058275059     
        1719  0.22280395578824899     
        1720  0.25116279069767444     
        1724  0.25058004640371229     
        1725  0.14086956521739130     
        1728   9.7800925925925930E-002
        1732  0.25057736720554274     
        1734  0.10380622837370242     
        1736  0.25115207373271892     
        1737  0.22279792746113988     
        1740  0.25057471264367814     
        1744  0.15711009174311927     
        1746  0.22336769759450173     
        1748  0.25057208237986273     
        1750  0.14171428571428571     
        1752  0.25114155251141551     
        1755  0.18575498575498575     
        1756  0.25056947608200458     
        1760  0.15795454545454546     
        1764  0.10260770975056689     
        1768  0.25113122171945701     
        1772  0.25056433408577877     
        1773  0.22278623801466441     
        1775  0.14084507042253522     
        1776  0.15709459459459460     
        1780  0.25056179775280901     
        1782  0.12008978675645342     
        1784  0.25112107623318386     
        1788  0.25055928411633110     
        1791  0.22278056951423786     
        1792  0.10212053571428571     
        1796  0.25055679287305122     
        1800  0.10111111111111111     
        1804  0.25055432372505543     
        1805   9.9722991689750698E-002
        1808  0.15707964601769911     
        1809  0.18573797678275289     
        1812  0.25055187637969095     
        1813  0.12355212355212356     
        1815  0.10909090909090909     
        1816  0.25110132158590309     
        1818  0.22332233223322331     
        1820  0.25054945054945055     
        1824  0.15789473684210525     
        1825  0.14082191780821918     
        1827  0.22276956759715380     
        1828  0.25054704595185995     
        1832  0.25109170305676853     
        1836  0.13071895424836602     
        1840  0.15706521739130436     
        1844  0.25054229934924077     
        1845  0.22276422764227644     
        1848  0.25108225108225107     
        1849   9.5186587344510548E-002
        1850  0.14162162162162162     
        1852  0.25053995680345570     
        1854  0.22330097087378642     
        1856  0.11853448275862069     
        1859  0.10543302850995159     
        1860  0.25053763440860216     
        1862  0.12459720730397422     
        1863  0.11862587224906065     
        1864  0.25107296137339058     
        1868  0.25053533190578159     
        1872  0.10950854700854701     
        1875   9.7066666666666662E-002
        1876  0.25053304904051171     
        1880  0.25106382978723402     
        1881  0.22275385433280170     
        1884  0.25053078556263270     
        1888  0.15783898305084745     
        1890  0.18624338624338624     
        1892  0.25052854122621565     
        1896  0.25105485232067509     
        1899  0.22274881516587677     
        1900  0.11157894736842106     
        1904  0.15703781512605042     
        1908  0.13993710691823899     
        1911  0.12349555206698064     
        1912  0.25104602510460250     
        1916  0.25052192066805845     
        1917  0.18570683359415754     
        1920  0.11979166666666667     
        1922   9.9895941727367321E-002
        1924  0.25051975051975051     
        1925  0.14077922077922078     
        1926  0.22326064382139149     
        1928  0.25103734439834025     
        1932  0.25051759834368531     
        1935  0.22273901808785529     
        1936   9.5041322314049589E-002
        1940  0.25051546391752577     
        1944  0.10288065843621400     
        1948  0.25051334702258726     
        1950  0.14153846153846153     
        1952  0.15778688524590165     
        1953  0.22273425499231950     
        1956  0.25051124744376280     
        1960  0.10612244897959183     
        1962  0.22324159021406728     
        1964  0.25050916496945008     
        1968  0.15701219512195122     
        1971  0.18569254185692541     
        1972  0.25050709939148075     
        1975  0.14075949367088608     
        1976  0.25101214574898784     
        1980  0.13989898989898991     
        1984  0.11844758064516130     
        1988  0.25050301810865189     
        1989  0.22272498743086980     
        1992  0.25100401606425704     
        1996  0.25050100200400799     
        1998  0.18618618618618618     
        2000   9.9000000000000005E-002
        2004  0.25049900199600800     
        2007  0.22272047832585951     
        2008  0.25099601593625498     
        2009  0.12344449975111996     
        2012  0.25049701789264411     
        2016  0.11111111111111110     
        2020  0.25049504950495050     
        2023  0.10084033613445378     
        2024  0.25098814229249011     
        2025  0.10271604938271604     
        2028   9.6646942800788949E-002
        2032  0.15698818897637795     
        2034  0.22320550639134709     
        2036  0.25049115913555992     
        2040  0.25098039215686274     
        2043  0.22271169848262359     
        2044  0.25048923679060664     
        2048   9.9609375000000000E-002
        2050  0.14146341463414633     
        2052  0.13060428849902533     
        2056  0.25097276264591439     
        2057  0.10889645114244045     
        2058  0.12439261418853255     
        2060  0.25048543689320391     
        2061  0.22270742358078602     
        2064  0.15697674418604651     
        2068  0.25048355899419728     
        2070  0.22318840579710145     
        2072  0.25096525096525096     
        2075  0.14072289156626505     
        2076  0.25048169556840078     
        2079  0.18566618566618567     
        2080  0.15769230769230769     
        2084  0.25047984644913629     
        2088  0.14080459770114942     
        2092  0.25047801147227533     
        2096  0.15696564885496184     
        2097  0.22269909394372914     
        2100  0.11142857142857143     
        2104  0.25095057034220530     
        2106  0.11965811965811966     
        2107  0.12339819648789749     
        2108  0.25047438330170779     
        2112  0.11837121212121213     
        2115  0.22269503546099290     
        2116   9.4517958412098299E-002
        2120  0.25094339622641509     
        2124  0.13983050847457626     
        2125  0.14070588235294118     
        2128  0.15695488721804512     
        2132  0.25046904315196999     
        2133  0.18565400843881857     
        2136  0.25093632958801498     
        2140  0.25046728971962617     
        2142  0.22315592903828199     
        2144  0.15764925373134328     
        2148  0.25046554934823090     
        2150  0.14139534883720931     
        2151  0.22268712226871223     
        2152  0.25092936802973975     
        2156  0.10389610389610390     
        2160  0.10694444444444444     
        2164  0.25046210720887246     
        2166  0.10156971375807941     
        2168  0.25092250922509224     
        2169  0.22268326417704012     
        2172  0.25046040515653778     
        2175  0.14068965517241380     
        2176  0.11948529411764706     
        2178   9.9173553719008267E-002
        2180  0.25045871559633026     
        2184  0.25091575091575091     
        2187   9.6021947873799723E-002
        2188  0.25045703839122485     
        2192  0.15693430656934307     
        2196  0.13979963570127504     
        2197  0.10514337733272644     
        2200  0.11272727272727273     
        2204  0.25045372050816694     
        2205   9.8866213151927437E-002
        2208  0.15760869565217392     
        2209   9.4160253508374828E-002
        2212  0.25045207956600363     
        2214  0.18608852755194219     
        2216  0.25090252707581229     
        2220  0.25045045045045045     
        2223  0.22267206477732793     
        2224  0.15692446043165467     
        2225  0.14067415730337079     
        2228  0.25044883303411131     
        2232  0.14068100358422939     
        2236  0.25044722719141321     
        2240  0.11830357142857142     
        2241  0.18563141454707721     
        2244  0.25044563279857396     
        2248  0.25088967971530252     
        2250  0.10577777777777778     
        2252  0.25044404973357015     
        2254  0.12422360248447205     
        2256  0.15691489361702127     
        2259  0.22266489597166889     
        2260  0.25044247787610618     
        2264  0.25088339222614842     
        2268  0.10097001763668430     
        2272  0.15757042253521128     
        2275  0.14065934065934066     
        2276  0.25043936731107208     
        2277  0.22266139657444006     
        2280  0.25087719298245614     
        2284  0.25043782837127848     
        2286  0.22309711286089240     
        2288  0.15690559440559440     
        2292  0.25043630017452007     
        2295  0.18562091503267975     
        2296  0.25087108013937282     
        2299  0.10874293170943888     
        2300  0.11130434782608696     
        2303  0.12331741207121147     
        2304  0.10026041666666667     
        2308  0.25043327556325823     
        2312   9.8615916955017299E-002
        2313  0.22265456117596194     
        2316  0.25043177892918828     
        2320  0.15689655172413794     
        2322  0.18604651162790697     
        2324  0.25043029259896732     
        2325  0.14064516129032259     
        2328  0.25085910652920962     
        2331  0.22265122265122264     
        2332  0.25042881646655230     
        2336  0.15753424657534246     
        2340  0.13974358974358975     
        2344  0.25085324232081913     
        2348  0.25042589437819418     
        2349  0.11834823329076202     
        2350  0.14127659574468085     
        2352   9.5663265306122444E-002
        2356  0.25042444821731746     
        2358  0.22307039864291772     
        2360  0.25084745762711863     
        2364  0.25042301184433163     
        2366  0.10650887573964497     
        2367  0.22264469792986905     
        2368  0.11824324324324324     
        2372  0.25042158516020235     
        2375  0.14063157894736841     
        2376  0.13131313131313133     
        2380  0.25042016806722689     
        2384  0.15687919463087249     
        2385  0.22264150943396227     
        2388  0.25041876046901174     
        2392  0.25083612040133779     
        2394  0.22305764411027568     
        2396  0.25041736227045075     
        2400  0.10083333333333333     
        2401   9.3710953769262806E-002
        2403  0.18560133166874740     
        2404  0.25041597337770383     
        2408  0.25083056478405313     
        2412  0.13971807628524047     
        2416  0.15687086092715233     
        2420   9.7520661157024791E-002
        2421  0.22263527467988434     
        2424  0.25082508250825081     
        2425  0.14061855670103093     
        2428  0.25041186161449752     
        2430  0.11522633744855967     
        2432  0.11924342105263158     
        2436  0.25041050903119871     
        2439  0.22263222632226323     
        2440  0.25081967213114753     
        2444  0.25040916530278234     
        2448  0.10906862745098039     
        2450   9.7959183673469383E-002
        2452  0.25040783034257746     
        2456  0.25081433224755700     
        2457  0.18559218559218560     
        2460  0.25040650406504067     
        2464  0.15746753246753248     
        2466  0.22303325223033252     
        2468  0.25040518638573744     
        2472  0.25080906148867316     
        2475  0.10383838383838384     
        2476  0.25040387722132473     
        2480  0.15685483870967742     
        2484  0.13043478260869565     
        2488  0.25080385852090031     
        2492  0.25040128410914930     
        2493  0.22262334536702769     
        2496  0.11818910256410256     
        2499  0.12324929971988796     
        2500   9.3600000000000003E-002
