12
24
39
45
57
69
75
85
95
115
125
130
145
155
161
175
182
190
217
220
238
245
259
266
275
287
295
315
329
335
343
355
364
371
385
396
418
427
434
444
451
469
473
483
497
517
528
539
546
559
567
574
583
598
611
623
638
649
651
665
671
689
693
714
721
737
748
754
767
777
781
793
814
826
836
846
854
869
871
880
891
913
923
931
949
954
962
979
986
999
104
203
301
407
506
609
707
803
902
1107
1207
1305
1406
1501
1606
1703
1802
1909
2108
2200
2301
2409
2507
2603
2706
2806
2904
3103
3201
3302
3404
3503
3604
3706
3809
3905
4108
4202
4309
4402
4503
4607
4709
4800
4902
5109
5206
5304
5402
5505
5600
5707
5809
5909
6109
6206
6302
6407
6509
6600
6707
6806
6902
7107
7201
7305
7409
7505
7605
7701
7807
7904
8100
8207
8308
8401
8507
8607
8702
8804
8903
9106
9202
9307
9407
9509
9605
9703
9804
9906
1003
2006
3009
4009
5005
6004
7009
8007
9006
11001
12008
13005
14006
15007
16006
17000
18001
19003
21000
22007
23002
24003
25002
26009
27004
29003
31006
33001
36002
37000
39001
43009
46004
47002
