14
16
20
24
26
30
34
36
39
42
45
48
54
54
57
63
66
72
72
75
78
81
84
84
90
96
96
102
100
108
108
108
117
118
120
124
128
132
135
136
140
140
144
148
158
156
160
160
164
168
168
172
180
180
184
188
188
192
196
200
200
208
208
212
216
220
220
224
220
228
236
240
235
240
248
248
245
250
250
260
260
268
268
270
270
277
275
280
34
63
88
120
149
176
204
225
255
310
340
365
395
414
444
471
498
522
576
606
623
660
679
714
744
768
798
840
876
896
924
953
973
1001
1024
1068
1104
1152
1162
1190
1212
1224
1251
1302
1323
1379
1392
1435
1440
1472
1504
1540
1580
1560
1620
1647
1670
1690
1744
1768
1770
1800
1836
1904
1900
1944
1984
1980
2032
2043
2060
2104
2168
2192
2190
2248
2272
2270
2300
2340
2367
2400
2464
2460
2493
2520
2547
2560
2590
2674
286
553
822
1089
1344
1590
1863
2124
2380
2900
3170
3447
3674
3960
4202
4468
4704
4983
5571
5762
6043
6292
6496
6720
7056
7356
7572
8025
8333
8550
8784
9331
9633
9824
10095
10620
10848
11130
11424
11592
11888
12165
12690
13200
13392
13896
14433
14720
15222
15760
18792
19888
22806
