12
16
16
18
18
18
18
18
18
20
20
20
20
32
30
30
30
30
30
30
30
30
40
42
42
42
42
42
42
45
45
45
45
45
45
45
60
60
60
60
60
60
60
60
60
63
63
63
63
63
63
63
63
63
84
84
84
84
84
84
84
84
84
84
84
84
84
84
84
84
84
84
84
84
84
84
105
105
108
108
108
108
108
108
108
108
108
108
108
108
20
30
42
45
72
63
84
84
108
112
126
147
135
144
168
165
165
196
216
216
224
220
225
225
252
270
264
288
275
320
324
312
312
330
330
330
364
364
364
405
405
390
390
396
420
420
450
484
455
455
455
468
468
528
528
546
540
525
546
546
546
546
600
605
605
630
630
600
660
660
630
630
637
680
680
680
680
680
726
726
720
720
720
735
735
792
765
765
765
825
108
180
264
360
420
528
605
630
720
855
990
1056
1071
1140
1260
1352
1368
1482
1638
1729
1768
1771
1848
1900
2048
2079
2223
2277
2440
2400
2484
2530
2600
2754
2856
2808
3060
3024
3200
3159
3250
3300
3465
3528
3610
3654
3720
3780
3971
3900
4104
4158
4158
4185
4446
4522
4466
4536
4563
4650
4851
4785
4872
5049
5200
5115
5220
5280
5355
5566
5456
5700
5655
5880
5808
6006
6072
6175
6045
6300
6348
6336
6578
6448
6525
6660
6831
6732
7030
6864
