27
27
45
63
63
75
75
100
100
125
125
147
147
150
175
175
200
200
225
243
245
245
250
275
275
294
294
325
343
343
363
363
363
392
392
405
425
441
441
441
450
475
490
490
507
525
539
539
550
567
567
588
588
605
625
637
637
648
650
675
675
686
700
729
729
735
750
768
768
784
800
810
833
833
847
847
867
867
891
891
891
931
931
931
960
972
972
972
1000
1000
121
216
324
405
507
605
720
810
900
1100
1215
1323
1400
1521
1620
1701
1805
1920
2106
2205
2304
2420
2523
2601
2704
2800
2916
3100
3211
3321
3400
3509
3600
3703
3807
3920
4114
4205
4312
4410
4500
4624
4719
4805
4913
5103
5202
5324
5415
5508
5600
5700
5819
5915
6100
6200
6300
6400
6517
6615
6723
6800
6912
7105
7220
7301
7406
7514
7623
7700
7803
7920
8100
8200
8303
8405
8505
8624
8712
8820
8910
9114
9216
9317
9408
9522
9600
9702
9801
9900
1000
2023
3000
4000
5000
6000
7018
8019
9000
11016
12000
13005
14000
15000
16000
17000
18000
19008
21024
22021
23004
24000
25000
26011
27000
28000
29008
31000
32000
33024
34000
35000
36015
37004
38016
39015
41013
42000
43011
44000
45000
46023
47000
48000
49005
51005
52022
53016
54000
55016
56000
57024
58016
59000
61017
62001
63000
64000
65000
66000
67000
68000
69012
71001
72000
73008
74008
75000
76000
77000
78003
79007
81000
82000
83006
84000
85000
86016
87001
88000
89012
91008
92016
93024
94000
95000
96000
97020
98000
99000
